type,projection_id,start,stop,duration,metadata_size,data_size
push,0,2554611.651959055,2554611.65198328,2.4324748665094376e-05,272,20480
push,94,2554611.652130206,2554611.652139924,9.827781468629837e-06,272,20480
push,188,2554611.652258536,2554611.652266431,8.014962077140808e-06,272,20480
push,282,2554611.652384743,2554611.652392137,7.504131644964218e-06,272,20480
push,376,2554611.652511701,2554611.652520026,8.466187864542007e-06,272,20480
push,470,2554611.652630724,2554611.652637857,7.233116775751114e-06,272,20480
push,564,2554611.652752161,2554611.652759355,7.2838738560676575e-06,272,20480
push,658,2554611.65288493,2554611.652891913,7.054302841424942e-06,272,20480
push,752,2554611.653006348,2554611.653014714,8.446164429187775e-06,272,20480
push,846,2554611.65311968,2554611.653126453,6.833113729953766e-06,272,20480
push,940,2554611.653229025,2554611.653235798,6.852671504020691e-06,272,20480
push,1034,2554611.653338611,2554611.653345353,6.822869181632996e-06,272,20480
push,1128,2554611.663814409,2554611.663823085,8.746050298213959e-06,272,20480
push,1222,2554611.695798006,2554611.695806932,9.017065167427063e-06,272,20480
push,1316,2554611.727792614,2554611.72780133,8.80565494298935e-06,272,20480
push,1410,2554611.783793985,2554611.783803312,9.417068213224411e-06,272,20480
push,1,2554611.791804732,2554611.791814169,9.51811671257019e-06,272,20480
push,95,2554611.823801032,2554611.823809779,8.837319910526276e-06,272,20480
push,189,2554611.852260633,2554611.85226926,8.697155863046646e-06,272,20480
push,283,2554611.883793436,2554611.883802162,8.81589949131012e-06,272,20480
push,377,2554611.915820134,2554611.91582918,9.167008101940155e-06,272,20480
push,471,2554611.947802157,2554611.947810804,8.726958185434341e-06,272,20480
push,565,2554611.983790442,2554611.983798898,8.546281605958939e-06,272,20480
push,659,2554611.991789988,2554611.991798204,8.28644260764122e-06,272,20480
push,753,2554612.052368109,2554612.052377076,9.057112038135529e-06,272,20480
push,847,2554612.067793155,2554612.06780149,8.424744009971619e-06,272,20480
push,941,2554612.09980227,2554612.099811016,8.82614403963089e-06,272,20480
push,1035,2554612.131801416,2554612.131810172,8.825678378343582e-06,272,20480
push,1129,2554612.152415309,2554612.152423745,8.516013622283936e-06,272,20480
push,1223,2554612.167797295,2554612.167805871,8.656177669763565e-06,272,20480
push,1317,2554612.199791582,2554612.199799917,8.405186235904694e-06,272,20480
push,1411,2554612.23179715,2554612.231805926,8.846167474985123e-06,272,20480
push,2,2554612.283794325,2554612.283804223,9.979121387004852e-06,272,20480
push,96,2554612.295796484,2554612.29580509,8.686911314725876e-06,272,20480
push,190,2554612.327791793,2554612.327800349,8.636154234409332e-06,272,20480
push,284,2554612.352533575,2554612.352542141,8.645933121442795e-06,272,20480
push,378,2554612.363803261,2554612.363812208,9.026844054460526e-06,272,20480
push,472,2554612.395796887,2554612.395805543,8.746050298213959e-06,272,20480
push,566,2554612.427789781,2554612.427798107,8.426140993833542e-06,272,20480
push,660,2554612.452581687,2554612.452589892,8.275266736745834e-06,272,20480
push,754,2554612.463791741,2554612.463799836,8.184928447008133e-06,272,20480
push,848,2554612.49578733,2554612.495795626,8.366070687770844e-06,272,20480
push,942,2554612.515798023,2554612.515806419,8.466187864542007e-06,272,20480
push,1036,2554612.531812865,2554612.531821691,8.906237781047821e-06,272,20480
push,1130,2554612.552644907,2554612.552653774,8.966773748397827e-06,272,20480
push,1224,2554612.567802101,2554612.567813312,1.1290889233350754e-05,272,20480
push,1318,2554612.59979215,2554612.599800916,8.896924555301666e-06,272,20480
push,1412,2554612.652696505,2554612.652705081,8.64686444401741e-06,272,20480
push,3,2554612.667792825,2554612.667801482,8.756760507822037e-06,272,20480
push,97,2554612.699798193,2554612.69980704,8.92719253897667e-06,272,20480
push,191,2554612.731794895,2554612.731803742,8.926726877689362e-06,272,20480
push,285,2554612.752748896,2554612.752757302,8.495990186929703e-06,272,20480
push,379,2554612.767801624,2554612.76781053,8.996110409498215e-06,272,20480
push,473,2554612.799813975,2554612.799822621,8.735805749893188e-06,272,20480
push,567,2554612.831819012,2554612.831827418,8.495990186929703e-06,272,20480
push,661,2554612.852821874,2554612.85283023,8.426140993833542e-06,272,20480
push,755,2554612.867819018,2554612.867827695,8.736737072467804e-06,272,20480
push,849,2554612.899809939,2554612.899818235,8.356291800737381e-06,272,20480
push,943,2554612.931809316,2554612.931817902,8.665956556797028e-06,272,20480
push,1037,2554612.952892679,2554612.952901155,8.546281605958939e-06,272,20480
push,1131,2554612.967814832,2554612.967823388,8.64686444401741e-06,272,20480
push,1225,2554612.987858607,2554612.987867323,8.795876055955887e-06,272,20480
push,1319,2554613.003813647,2554613.003822052,8.49459320306778e-06,272,20480
push,1413,2554613.035810719,2554613.035818894,8.265022188425064e-06,272,20480
push,4,2554613.067815926,2554613.067830654,1.4828052371740341e-05,272,20480
push,98,2554613.099816936,2554613.099825492,8.655712008476257e-06,272,20480
push,192,2554613.131810191,2554613.131818807,8.706934750080109e-06,272,20480
push,286,2554613.152996688,2554613.153006596,1.0017771273851395e-05,272,20480
push,380,2554613.167827429,2554613.167836306,8.967239409685135e-06,272,20480
push,474,2554613.199810155,2554613.199818741,8.645933121442795e-06,272,20480
push,568,2554613.231811866,2554613.231820292,8.505769073963165e-06,272,20480
push,662,2554613.25304491,2554613.253053315,8.48621129989624e-06,272,20480
push,756,2554613.267818064,2554613.2678266,8.60588625073433e-06,272,20480
push,850,2554613.299806069,2554613.299814575,8.585862815380096e-06,272,20480
push,944,2554613.331813831,2554613.331822307,8.556060492992401e-06,272,20480
push,1038,2554613.353094174,2554613.35310244,8.355826139450073e-06,272,20480
push,1132,2554613.367814709,2554613.367823035,8.406117558479309e-06,272,20480
push,1226,2554613.39981608,2554613.399824395,8.394941687583923e-06,272,20480
push,1320,2554613.43181731,2554613.431825555,8.314847946166992e-06,272,20480
push,1414,2554613.45314974,2554613.453158065,8.395873010158539e-06,272,20480
push,5,2554613.467816675,2554613.467825762,9.176786988973618e-06,272,20480
push,99,2554613.499812945,2554613.499821572,8.697155863046646e-06,272,20480
push,193,2554613.531830627,2554613.531839213,8.676201105117798e-06,272,20480
push,287,2554613.553206248,2554613.553214934,8.775852620601654e-06,272,20480
push,381,2554613.567826305,2554613.567835332,9.097158908843994e-06,272,20480
push,475,2554613.599810894,2554613.59981968,8.866656571626663e-06,272,20480
push,569,2554613.631834486,2554613.631843593,9.187031537294388e-06,272,20480
push,663,2554613.653264799,2554613.653273145,8.425675332546234e-06,272,20480
push,757,2554613.667815356,2554613.667823712,8.446164429187775e-06,272,20480
push,851,2554613.699810084,2554613.69981845,8.455943316221237e-06,272,20480
push,945,2554613.731814209,2554613.731822665,8.536037057638168e-06,272,20480
push,1039,2554613.753314825,2554613.753323261,8.516013622283936e-06,272,20480
push,1133,2554613.767816691,2554613.767825146,8.525792509317398e-06,272,20480
push,1227,2554613.799819714,2554613.799827999,8.366070687770844e-06,272,20480
push,1321,2554613.831822587,2554613.831830902,8.385628461837769e-06,272,20480
push,1415,2554613.853370592,2554613.853379118,8.60588625073433e-06,272,20480
push,6,2554613.867817043,2554613.867825579,8.625909686088562e-06,272,20480
push,100,2554613.899824454,2554613.899833491,9.107869118452072e-06,272,20480
push,194,2554613.931816107,2554613.931824613,8.595641702413559e-06,272,20480
push,288,2554613.953424865,2554613.953433311,8.516013622283936e-06,272,20480
push,382,2554613.967826122,2554613.967834658,8.625909686088562e-06,272,20480
push,476,2554614.011915753,2554614.011923898,8.225906640291214e-06,272,20480
push,570,2554614.027839044,2554614.02784769,8.746050298213959e-06,272,20480
push,664,2554614.05345872,2554614.053467016,8.375849574804306e-06,272,20480
push,758,2554614.063789517,2554614.063797972,8.545815944671631e-06,272,20480
push,852,2554614.095791999,2554614.095800626,8.677132427692413e-06,272,20480
push,946,2554614.127800523,2554614.12780968,9.267125278711319e-06,272,20480
push,1040,2554614.15351103,2554614.153519346,8.405651897192001e-06,272,20480
push,1134,2554614.163791282,2554614.163799748,8.576083928346634e-06,272,20480
push,1228,2554614.195797401,2554614.195806027,8.706934750080109e-06,272,20480
push,1322,2554614.227795064,2554614.22780333,8.33580270409584e-06,272,20480
push,1416,2554614.25356861,2554614.253577016,8.495990186929703e-06,272,20480
push,7,2554614.263794259,2554614.263802555,8.375849574804306e-06,272,20480
push,101,2554614.29579037,2554614.295798685,8.404720574617386e-06,272,20480
push,195,2554614.353617293,2554614.353625428,8.206348866224289e-06,272,20480
push,289,2554614.363792868,2554614.363801104,8.316244930028915e-06,272,20480
push,383,2554614.395801963,2554614.395810629,8.726958185434341e-06,272,20480
push,477,2554614.427795349,2554614.427803875,8.615665137767792e-06,272,20480
push,571,2554614.453680904,2554614.45368927,8.455943316221237e-06,272,20480
push,665,2554614.463789584,2554614.46379795,8.455943316221237e-06,272,20480
push,759,2554614.49578854,2554614.495796766,8.315779268741608e-06,272,20480
push,853,2554614.52778981,2554614.527797936,8.215662091970444e-06,272,20480
push,947,2554614.553755516,2554614.553763902,8.4657222032547e-06,272,20480
push,1041,2554614.56379707,2554614.563805506,8.505769073963165e-06,272,20480
push,1135,2554614.59579269,2554614.595801186,8.596107363700867e-06,272,20480
push,1229,2554614.62779424,2554614.627802606,8.445698767900467e-06,272,20480
push,1323,2554614.653789882,2554614.653798348,8.556060492992401e-06,272,20480
push,1417,2554614.663796641,2554614.663805007,8.466187864542007e-06,272,20480
push,8,2554614.69579725,2554614.695810064,1.2903939932584763e-05,272,20480
push,102,2554614.727807507,2554614.727816604,9.177252650260925e-06,272,20480
push,196,2554614.753844717,2554614.753853183,8.556060492992401e-06,272,20480
push,290,2554614.763790381,2554614.763798587,8.285976946353912e-06,272,20480
push,384,2554614.795803654,2554614.79581245,8.89599323272705e-06,272,20480
push,478,2554614.827795176,2554614.827803512,8.426140993833542e-06,272,20480
push,572,2554614.853892529,2554614.853900704,8.265022188425064e-06,272,20480
push,666,2554614.863795683,2554614.863804109,8.506234735250473e-06,272,20480
push,760,2554614.895791573,2554614.895799849,8.355826139450073e-06,272,20480
push,854,2554614.927802001,2554614.927810667,8.755829185247421e-06,272,20480
push,948,2554614.953949437,2554614.953957773,8.426140993833542e-06,272,20480
push,1042,2554614.963790255,2554614.96379842,8.244998753070831e-06,272,20480
push,1136,2554614.995790904,2554614.99579958,8.746050298213959e-06,272,20480
push,1230,2554615.035795858,2554615.035804063,8.274801075458527e-06,272,20480
push,1324,2554615.047792497,2554615.047800933,8.525792509317398e-06,272,20480
push,1418,2554615.083795339,2554615.083803905,8.645933121442795e-06,272,20480
push,9,2554615.115796308,2554615.115805125,8.907169103622437e-06,272,20480
push,103,2554615.147794763,2554615.147803199,8.516013622283936e-06,272,20480
push,197,2554615.183793126,2554615.183802263,9.286683052778244e-06,272,20480
push,291,2554615.195795776,2554615.195804433,8.746981620788574e-06,272,20480
push,385,2554615.227802247,2554615.227811053,8.906237781047821e-06,272,20480
push,479,2554615.254131063,2554615.254139449,8.466187864542007e-06,272,20480
push,573,2554615.263809115,2554615.263817712,8.676666766405106e-06,272,20480
push,667,2554615.295815816,2554615.295824502,8.767005056142807e-06,272,20480
push,761,2554615.32781917,2554615.327827736,8.656177669763565e-06,272,20480
push,855,2554615.38381443,2554615.383823086,8.736271411180496e-06,272,20480
push,949,2554615.41581011,2554615.415818545,8.51508229970932e-06,272,20480
push,1043,2554615.447819365,2554615.44782789,8.595641702413559e-06,272,20480
push,1137,2554615.483816455,2554615.483825022,8.65710899233818e-06,272,20480
push,1231,2554615.491813737,2554615.491822153,8.495990186929703e-06,272,20480
push,1325,2554615.523816019,2554615.523824495,8.576083928346634e-06,272,20480
push,1419,2554615.554294435,2554615.55430262,8.244998753070831e-06,272,20480
push,10,2554615.583816407,2554615.583824903,8.576083928346634e-06,272,20480
push,104,2554615.615811366,2554615.615819722,8.425675332546234e-06,272,20480
push,198,2554615.647814109,2554615.647822695,8.68597999215126e-06,272,20480
push,292,2554615.683812953,2554615.683821449,8.576083928346634e-06,272,20480
push,386,2554615.715829141,2554615.715838058,8.977018296718597e-06,272,20480
push,480,2554615.747811145,2554615.747820242,9.176786988973618e-06,272,20480
push,574,2554615.783820409,2554615.783829355,9.017065167427063e-06,272,20480
push,668,2554615.795814373,2554615.795822919,8.625909686088562e-06,272,20480
push,762,2554615.827809872,2554615.827818328,8.545815944671631e-06,272,20480
push,856,2554615.854461574,2554615.85447007,8.585862815380096e-06,272,20480
push,950,2554615.863815679,2554615.863824335,8.725561201572418e-06,272,20480
push,1044,2554615.895814404,2554615.89582271,8.386094123125076e-06,272,20480
push,1138,2554615.927830443,2554615.9278395,9.13720577955246e-06,272,20480
push,1232,2554615.967822202,2554615.967830898,8.786097168922424e-06,272,20480
push,1326,2554615.995860333,2554615.995868759,8.516013622283936e-06,272,20480
push,1420,2554616.027814805,2554616.027823091,8.375849574804306e-06,272,20480
push,11,2554616.054571544,2554616.05458008,8.606351912021637e-06,272,20480
push,105,2554616.067813547,2554616.067822063,8.606351912021637e-06,272,20480
push,199,2554616.099811992,2554616.099820338,8.425675332546234e-06,272,20480
push,293,2554616.131814886,2554616.131823512,8.706003427505493e-06,272,20480
push,387,2554616.154634574,2554616.15464344,8.956063538789749e-06,272,20480
push,481,2554616.167820692,2554616.167829178,8.565839380025864e-06,272,20480
push,575,2554616.199817715,2554616.199826121,8.485745638608932e-06,272,20480
push,669,2554616.231815869,2554616.231824215,8.446164429187775e-06,272,20480
push,763,2554616.254676845,2554616.25468529,8.526258170604706e-06,272,20480
push,857,2554616.267810796,2554616.267819012,8.285976946353912e-06,272,20480
push,951,2554616.299815322,2554616.299823948,8.707400411367416e-06,272,20480
push,1045,2554616.331811132,2554616.331819327,8.26595351099968e-06,272,20480
push,1139,2554616.354730568,2554616.354738933,8.434988558292389e-06,272,20480
push,1233,2554616.367819835,2554616.36782814,8.395873010158539e-06,272,20480
push,1327,2554616.399813991,2554616.399822417,8.516013622283936e-06,272,20480
push,1421,2554616.431813749,2554616.431822174,8.505769073963165e-06,272,20480
push,12,2554616.454799178,2554616.454807734,8.625909686088562e-06,272,20480
push,106,2554616.46781113,2554616.467819336,8.27619805932045e-06,272,20480
push,200,2554616.499819854,2554616.49982839,8.596107363700867e-06,272,20480
push,294,2554616.531812779,2554616.531821425,8.715782314538956e-06,272,20480
push,388,2554616.554855175,2554616.554863971,8.875969797372818e-06,272,20480
push,482,2554616.567921298,2554616.567929744,8.536037057638168e-06,272,20480
push,576,2554616.599792806,2554616.599801161,8.435919880867004e-06,272,20480
push,670,2554616.63180192,2554616.631810487,8.64686444401741e-06,272,20480
push,764,2554616.683799716,2554616.683808332,8.686911314725876e-06,272,20480
push,858,2554616.691796026,2554616.691804502,8.555594831705093e-06,272,20480
push,952,2554616.723795774,2554616.72380437,8.676201105117798e-06,272,20480
push,1046,2554616.75493079,2554616.754938966,8.26595351099968e-06,272,20480
push,1140,2554616.783795931,2554616.783804367,8.495990186929703e-06,272,20480
push,1234,2554616.815789667,2554616.815798093,8.48621129989624e-06,272,20480
push,1328,2554616.847788553,2554616.847796919,8.425675332546234e-06,272,20480
push,1422,2554616.883796985,2554616.883805371,8.476432412862778e-06,272,20480
push,13,2554616.915791793,2554616.915800219,8.506234735250473e-06,272,20480
push,107,2554616.947790729,2554616.947798974,8.325092494487762e-06,272,20480
push,201,2554616.98379318,2554616.983801595,8.506234735250473e-06,272,20480
push,295,2554616.987818125,2554616.98782637,8.314847946166992e-06,272,20480
push,389,2554617.019803966,2554617.019812983,9.086914360523224e-06,272,20480
push,483,2554617.051789557,2554617.051797903,8.435919880867004e-06,272,20480
push,577,2554617.083791238,2554617.083799774,8.636154234409332e-06,272,20480
push,671,2554617.115802597,2554617.115811354,8.857343345880508e-06,272,20480
push,765,2554617.1477944,2554617.147802615,8.295290172100067e-06,272,20480
push,859,2554617.183792302,2554617.183800568,8.336268365383148e-06,272,20480
push,953,2554617.195908916,2554617.195917602,8.755829185247421e-06,272,20480
push,1047,2554617.227791624,2554617.227799909,8.36467370390892e-06,272,20480
push,1141,2554617.255200295,2554617.25520857,8.345115929841995e-06,272,20480
push,1235,2554617.283795039,2554617.283803254,8.285045623779297e-06,272,20480
push,1329,2554617.315790187,2554617.315798363,8.25570896267891e-06,272,20480
push,1423,2554617.347793692,2554617.347802278,8.666422218084335e-06,272,20480
push,14,2554617.383802885,2554617.383811281,8.485745638608932e-06,272,20480
push,108,2554617.391790329,2554617.391798384,8.144881576299667e-06,272,20480
push,202,2554617.423791028,2554617.423799053,8.115079253911972e-06,272,20480
push,296,2554617.455310404,2554617.455319161,8.837319910526276e-06,272,20480
push,390,2554617.48380434,2554617.483812956,8.695758879184723e-06,272,20480
push,484,2554617.515795071,2554617.515803697,8.706003427505493e-06,272,20480
push,578,2554617.547797192,2554617.547805878,8.757226169109344e-06,272,20480
push,672,2554617.583788142,2554617.583796547,8.47596675157547e-06,272,20480
push,766,2554617.615792788,2554617.615801244,8.536037057638168e-06,272,20480
push,860,2554617.64778975,2554617.647798045,8.376315236091614e-06,272,20480
push,954,2554617.683793574,2554617.683801969,8.475035429000854e-06,272,20480
push,1048,2554617.695790303,2554617.695798278,8.065253496170044e-06,272,20480
push,1142,2554617.727794348,2554617.727802583,8.326023817062378e-06,272,20480
push,1236,2554617.755472614,2554617.75548091,8.375849574804306e-06,272,20480
push,1330,2554617.783792233,2554617.783800358,8.234754204750061e-06,272,20480
push,1424,2554617.815789966,2554617.815798422,8.556060492992401e-06,272,20480
push,15,2554617.847791688,2554617.847799793,8.184928447008133e-06,272,20480
push,109,2554617.883790471,2554617.883798536,8.135102689266205e-06,272,20480
push,203,2554617.915791131,2554617.915799546,8.516013622283936e-06,272,20480
push,297,2554617.947793813,2554617.947802189,8.455943316221237e-06,272,20480
push,391,2554617.96780177,2554617.967810577,8.886680006980896e-06,272,20480
push,485,2554618.011821711,2554618.011830338,8.737202733755112e-06,272,20480
push,579,2554618.027811386,2554618.027819881,8.575618267059326e-06,272,20480
push,673,2554618.055673597,2554618.055682213,8.69622454047203e-06,272,20480
push,767,2554618.087808828,2554618.087817153,8.38516280055046e-06,272,20480
push,861,2554618.119817522,2554618.119825928,8.506234735250473e-06,272,20480
push,955,2554618.151814614,2554618.15182297,8.466187864542007e-06,272,20480
push,1049,2554618.183816055,2554618.183824661,8.716247975826263e-06,272,20480
push,1143,2554618.215811314,2554618.215819659,8.414965122938156e-06,272,20480
push,1237,2554618.247813766,2554618.247822032,8.34604725241661e-06,272,20480
push,1331,2554618.283819052,2554618.283827588,8.636154234409332e-06,272,20480
push,1425,2554618.29581475,2554618.295823146,8.476432412862778e-06,272,20480
push,16,2554618.32781629,2554618.32784264,2.6420224457979202e-05,272,20480
push,110,2554618.355814707,2554618.355823052,8.426140993833542e-06,272,20480
push,204,2554618.387824343,2554618.387832949,8.67573544383049e-06,272,20480
push,298,2554618.419815744,2554618.419824531,8.867122232913971e-06,272,20480
push,392,2554618.451821583,2554618.45183073,9.218230843544006e-06,272,20480
push,486,2554618.487814025,2554618.487822711,8.766073733568192e-06,272,20480
push,580,2554618.499815484,2554618.499823929,8.525792509317398e-06,272,20480
push,674,2554618.531813327,2554618.531821733,8.505769073963165e-06,272,20480
push,768,2554618.555920529,2554618.555929045,8.60588625073433e-06,272,20480
push,862,2554618.567812542,2554618.567820858,8.386094123125076e-06,272,20480
push,956,2554618.599814032,2554618.599822639,8.676666766405106e-06,272,20480
push,1050,2554618.63180839,2554618.631816755,8.425209671258926e-06,272,20480
push,1144,2554618.6559843,2554618.655992907,8.676666766405106e-06,272,20480
push,1238,2554618.667812524,2554618.667820799,8.365139365196228e-06,272,20480
push,1332,2554618.699813343,2554618.699821889,8.615665137767792e-06,272,20480
push,1426,2554618.731815675,2554618.731824091,8.48621129989624e-06,272,20480
push,17,2554618.756034196,2554618.756042762,8.636154234409332e-06,272,20480
push,111,2554618.767815381,2554618.767823867,8.566305041313171e-06,272,20480
push,205,2554618.799818314,2554618.7998269,8.665956556797028e-06,272,20480
push,299,2554618.831817521,2554618.831825906,8.456408977508545e-06,272,20480
push,393,2554618.856095132,2554618.856103948,8.886214345693588e-06,272,20480
push,487,2554618.867825071,2554618.867833587,8.606351912021637e-06,272,20480
push,581,2554618.899810321,2554618.899818527,8.285976946353912e-06,272,20480
push,675,2554618.931814136,2554618.931822622,8.565839380025864e-06,272,20480
push,769,2554618.956143404,2554618.956152511,9.177252650260925e-06,272,20480
push,863,2554618.967808502,2554618.967816667,8.244998753070831e-06,272,20480
push,957,2554618.999810403,2554618.999818278,7.95489177107811e-06,272,20480
push,1051,2554619.035814818,2554619.035823023,8.285045623779297e-06,272,20480
push,1145,2554619.0718131,2554619.071821436,8.415896445512772e-06,272,20480
push,1239,2554619.103814872,2554619.103823168,8.386094123125076e-06,272,20480
push,1333,2554619.135817685,2554619.13582585,8.254777640104294e-06,272,20480
push,1427,2554619.156245589,2554619.156254175,8.677132427692413e-06,272,20480
push,18,2554619.171826518,2554619.171835064,8.625909686088562e-06,272,20480
push,112,2554619.203811427,2554619.203819903,8.556060492992401e-06,272,20480
push,206,2554619.235823708,2554619.235832314,8.67573544383049e-06,272,20480
push,300,2554619.256310473,2554619.256319119,8.715782314538956e-06,272,20480
push,394,2554619.271825969,2554619.271834685,8.81589949131012e-06,272,20480
push,488,2554619.303810988,2554619.303819664,8.756760507822037e-06,272,20480
push,582,2554619.335811396,2554619.335819672,8.355826139450073e-06,272,20480
push,676,2554619.387814142,2554619.387822438,8.366070687770844e-06,272,20480
push,770,2554619.399812224,2554619.3998206,8.466187864542007e-06,272,20480
push,864,2554619.43181135,2554619.431819736,8.466187864542007e-06,272,20480
push,958,2554619.456417026,2554619.456425051,8.095987141132355e-06,272,20480
push,1052,2554619.467810865,2554619.467819261,8.485745638608932e-06,272,20480
push,1146,2554619.499812015,2554619.49982013,8.206348866224289e-06,272,20480
push,1240,2554619.531823715,2554619.531832392,8.756760507822037e-06,272,20480
push,1334,2554619.556479405,2554619.556488011,8.67573544383049e-06,272,20480
push,1428,2554619.567817299,2554619.567830404,1.31949782371521e-05,272,20480
push,19,2554619.599815724,2554619.599824511,8.847098797559738e-06,272,20480
push,113,2554619.631812756,2554619.631820942,8.285976946353912e-06,272,20480
push,207,2554619.65652388,2554619.656532296,8.505769073963165e-06,272,20480
push,301,2554619.667819966,2554619.667828261,8.375849574804306e-06,272,20480
push,395,2554619.69982847,2554619.699837327,8.926726877689362e-06,272,20480
push,489,2554619.731817898,2554619.731826213,8.396338671445847e-06,272,20480
push,583,2554619.756581711,2554619.756589976,8.344650268554688e-06,272,20480
push,677,2554619.767813356,2554619.767821561,8.285045623779297e-06,272,20480
push,771,2554619.799812121,2554619.799820457,8.41636210680008e-06,272,20480
push,865,2554619.831813491,2554619.831821887,8.466187864542007e-06,272,20480
push,959,2554619.856637046,2554619.856645382,8.415896445512772e-06,272,20480
push,1053,2554619.867817074,2554619.86782534,8.33580270409584e-06,272,20480
push,1147,2554619.899815429,2554619.899823985,8.636154234409332e-06,272,20480
push,1241,2554619.931814806,2554619.931826308,1.1572148650884628e-05,272,20480
push,1335,2554619.956690779,2554619.956699134,8.434988558292389e-06,272,20480
push,1429,2554619.967809913,2554619.967818238,8.384697139263153e-06,272,20480
push,20,2554619.995849797,2554619.995858153,8.435919880867004e-06,272,20480
push,114,2554620.027846629,2554620.027856828,1.0319054126739502e-05,272,20480
push,208,2554620.056747246,2554620.056755682,8.505769073963165e-06,272,20480
push,302,2554620.067811718,2554620.067819994,8.33580270409584e-06,272,20480
push,396,2554620.099822807,2554620.099831713,8.98679718375206e-06,272,20480
push,490,2554620.131819979,2554620.131828736,8.827075362205505e-06,272,20480
push,584,2554620.156794788,2554620.156803203,8.516013622283936e-06,272,20480
push,678,2554620.167820517,2554620.167828972,8.536037057638168e-06,272,20480
push,772,2554620.199811467,2554620.199819653,8.256174623966217e-06,272,20480
push,866,2554620.231816084,2554620.231824419,8.414965122938156e-06,272,20480
push,960,2554620.256850584,2554620.256858759,8.265022188425064e-06,272,20480
push,1054,2554620.267812243,2554620.267820488,8.314847946166992e-06,272,20480
push,1148,2554620.299809265,2554620.29981753,8.345115929841995e-06,272,20480
push,1242,2554620.331814012,2554620.331822297,8.355826139450073e-06,272,20480
push,1336,2554620.356908334,2554620.35691671,8.446164429187775e-06,272,20480
push,1430,2554620.367811142,2554620.367819208,8.156057447195053e-06,272,20480
push,21,2554620.399817112,2554620.399825498,8.47596675157547e-06,272,20480
push,115,2554620.431839261,2554620.431847677,8.485745638608932e-06,272,20480
push,209,2554620.456961626,2554620.456969771,8.234754204750061e-06,272,20480
push,303,2554620.467826183,2554620.467834779,8.665956556797028e-06,272,20480
push,397,2554620.499827924,2554620.499836901,9.036622941493988e-06,272,20480
push,491,2554620.531816911,2554620.531825186,8.345115929841995e-06,272,20480
push,585,2554620.55704263,2554620.557052498,9.958166629076004e-06,272,20480
push,679,2554620.56781323,2554620.567821285,8.145812898874283e-06,272,20480
push,773,2554620.59981429,2554620.599822315,8.094590157270432e-06,272,20480
push,867,2554620.631843843,2554620.63185302,9.267125278711319e-06,272,20480
push,961,2554620.65706867,2554620.657077056,8.456408977508545e-06,272,20480
push,1055,2554620.667814264,2554620.66782268,8.485745638608932e-06,272,20480
push,1149,2554620.699815554,2554620.69982409,8.6161307990551e-06,272,20480
push,1243,2554620.731816704,2554620.73182517,8.546281605958939e-06,272,20480
push,1337,2554620.757124657,2554620.757133043,8.47596675157547e-06,272,20480
push,1431,2554620.799815677,2554620.799824102,8.50483775138855e-06,272,20480
push,22,2554620.831822647,2554620.831831123,8.556060492992401e-06,272,20480
push,116,2554620.857180864,2554620.85718954,8.775852620601654e-06,272,20480
push,210,2554620.867807615,2554620.867815931,8.375849574804306e-06,272,20480
push,304,2554620.899812873,2554620.899821399,8.60588625073433e-06,272,20480
push,398,2554620.931830013,2554620.931838619,8.695758879184723e-06,272,20480
push,492,2554620.957236911,2554620.957245227,8.405651897192001e-06,272,20480
push,586,2554620.967807938,2554620.967816313,8.455943316221237e-06,272,20480
push,680,2554620.987852203,2554620.987860839,8.715782314538956e-06,272,20480
push,774,2554621.003809908,2554621.003817993,8.155126124620438e-06,272,20480
push,868,2554621.035813242,2554621.035821397,8.234754204750061e-06,272,20480
push,962,2554621.057296344,2554621.05730479,8.516013622283936e-06,272,20480
push,1056,2554621.071812317,2554621.071820382,8.135102689266205e-06,272,20480
push,1150,2554621.103814598,2554621.10382611,1.1601950973272324e-05,272,20480
push,1244,2554621.135812422,2554621.135821088,8.736271411180496e-06,272,20480
push,1338,2554621.157347202,2554621.157355447,8.3153136074543e-06,272,20480
push,1432,2554621.171809723,2554621.171817829,8.176080882549286e-06,272,20480
push,23,2554621.203818968,2554621.203827294,8.395873010158539e-06,272,20480
push,117,2554621.235814107,2554621.235822563,8.536037057638168e-06,272,20480
push,211,2554621.257399371,2554621.257407657,8.356291800737381e-06,272,20480
push,305,2554621.271816177,2554621.271824653,8.546281605958939e-06,272,20480
push,399,2554621.303826975,2554621.303835691,8.795876055955887e-06,272,20480
push,493,2554621.335815231,2554621.335824028,8.896924555301666e-06,272,20480
push,587,2554621.357454807,2554621.357463032,8.315779268741608e-06,272,20480
push,681,2554621.371810598,2554621.371818794,8.26595351099968e-06,272,20480
push,775,2554621.403813392,2554621.403821647,8.314847946166992e-06,272,20480
push,869,2554621.435812007,2554621.435820403,8.47596675157547e-06,272,20480
push,963,2554621.457504842,2554621.457513138,8.386094123125076e-06,272,20480
push,1057,2554621.471819828,2554621.471828334,8.606351912021637e-06,272,20480
push,1151,2554621.503815528,2554621.503823673,8.215196430683136e-06,272,20480
push,1245,2554621.535814724,2554621.535823049,8.425209671258926e-06,272,20480
push,1339,2554621.557559016,2554621.557567231,8.295755833387375e-06,272,20480
push,1433,2554621.571817776,2554621.571826232,8.525792509317398e-06,272,20480
push,24,2554621.603813836,2554621.603821991,8.236151188611984e-06,272,20480
push,118,2554621.635805979,2554621.635814064,8.155126124620438e-06,272,20480
push,212,2554621.657621125,2554621.65762939,8.334871381521225e-06,272,20480
push,306,2554621.671809452,2554621.671817868,8.495990186929703e-06,272,20480
push,400,2554621.703838073,2554621.703847,8.99704173207283e-06,272,20480
push,494,2554621.735818495,2554621.73582669,8.285045623779297e-06,272,20480
push,588,2554621.757675779,2554621.757684265,8.565839380025864e-06,272,20480
push,682,2554621.771810345,2554621.771818581,8.326023817062378e-06,272,20480
push,776,2554621.803812087,2554621.803820162,8.144881576299667e-06,272,20480
push,870,2554621.835821422,2554621.835829868,8.536037057638168e-06,272,20480
push,964,2554621.857726766,2554621.857735152,8.466187864542007e-06,272,20480
push,1058,2554621.871813213,2554621.871821388,8.255243301391602e-06,272,20480
push,1152,2554621.903819703,2554621.903828129,8.485745638608932e-06,272,20480
push,1246,2554621.935812928,2554621.935821404,8.546281605958939e-06,272,20480
push,1340,2554621.957782903,2554621.957791339,8.515547960996628e-06,272,20480
push,1434,2554621.971814507,2554621.971822853,8.445698767900467e-06,272,20480
push,25,2554622.011858955,2554622.011867601,8.706003427505493e-06,272,20480
push,119,2554622.023812864,2554622.023821079,8.296221494674683e-06,272,20480
push,213,2554622.055809065,2554622.055817391,8.396338671445847e-06,272,20480
push,307,2554622.099828304,2554622.099840357,1.2123025953769684e-05,272,20480
push,401,2554622.115824351,2554622.115833177,8.916016668081284e-06,272,20480
push,495,2554622.147818207,2554622.147826573,8.436385542154312e-06,272,20480
push,589,2554622.167869265,2554622.167877621,8.425675332546234e-06,272,20480
push,683,2554622.183819776,2554622.183828032,8.336268365383148e-06,272,20480
push,777,2554622.215814634,2554622.21582289,8.32555815577507e-06,272,20480
push,871,2554622.247810755,2554622.24781917,8.506234735250473e-06,272,20480
push,965,2554622.267923949,2554622.267932315,8.436385542154312e-06,272,20480
push,1059,2554622.283813586,2554622.283821892,8.395873010158539e-06,272,20480
push,1153,2554622.31581698,2554622.315825486,8.576083928346634e-06,272,20480
push,1247,2554622.347812099,2554622.347820255,8.225906640291214e-06,272,20480
push,1341,2554622.367976259,2554622.367984515,8.326023817062378e-06,272,20480
push,1435,2554622.415816692,2554622.415825038,8.415896445512772e-06,272,20480
push,26,2554622.447816309,2554622.447824935,8.726026862859726e-06,272,20480
push,120,2554622.46803432,2554622.468042545,8.315779268741608e-06,272,20480
push,214,2554622.483826735,2554622.483835181,8.516013622283936e-06,272,20480
push,308,2554622.515808649,2554622.515816904,8.335337042808533e-06,272,20480
push,402,2554622.547832261,2554622.547840957,8.776318281888962e-06,272,20480
push,496,2554622.568090106,2554622.568098612,8.586328476667404e-06,272,20480
push,590,2554622.583814514,2554622.583822649,8.224975317716599e-06,272,20480
push,684,2554622.615815333,2554622.615823568,8.326023817062378e-06,272,20480
push,778,2554622.647815731,2554622.647823907,8.26595351099968e-06,272,20480
push,872,2554622.668141905,2554622.668150261,8.445698767900467e-06,272,20480
push,966,2554622.68381156,2554622.683819986,8.516013622283936e-06,272,20480
push,1060,2554622.715822288,2554622.715830593,8.38516280055046e-06,272,20480
push,1154,2554622.747812337,2554622.747820442,8.206348866224289e-06,272,20480
push,1248,2554622.768193805,2554622.76820196,8.234754204750061e-06,272,20480
push,1342,2554622.783809498,2554622.783817493,8.055008947849274e-06,272,20480
push,1436,2554622.815830716,2554622.815839342,8.68597999215126e-06,272,20480
push,27,2554622.868252917,2554622.868263036,1.0218936949968338e-05,272,20480
push,121,2554622.883818898,2554622.883827123,8.30506905913353e-06,272,20480
push,215,2554622.915819266,2554622.915827632,8.446164429187775e-06,272,20480
push,309,2554622.947819434,2554622.947827619,8.254777640104294e-06,272,20480
push,403,2554622.968314615,2554622.968323161,8.6161307990551e-06,272,20480
push,497,2554622.983823508,2554622.983831834,8.435919880867004e-06,272,20480
push,591,2554623.003848597,2554623.003856903,8.406117558479309e-06,272,20480
push,685,2554623.019816051,2554623.019824256,8.285045623779297e-06,272,20480
push,779,2554623.051812572,2554623.051820917,8.425209671258926e-06,272,20480
push,873,2554623.083848416,2554623.083856872,8.536037057638168e-06,272,20480
push,967,2554623.115813298,2554623.115821624,8.415896445512772e-06,272,20480
push,1061,2554623.14781504,2554623.147823315,8.38516280055046e-06,272,20480
push,1155,2554623.199818777,2554623.199827423,8.716247975826263e-06,272,20480
push,1249,2554623.211816708,2554623.211824913,8.275732398033142e-06,272,20480
push,1343,2554623.243812538,2554623.243820884,8.415896445512772e-06,272,20480
push,1437,2554623.268465423,2554623.268473498,8.1649050116539e-06,272,20480
push,28,2554623.279816231,2554623.279824687,8.53557139635086e-06,272,20480
push,122,2554623.311812001,2554623.311820126,8.195172995328903e-06,272,20480
push,216,2554623.343813903,2554623.343822329,8.505769073963165e-06,272,20480
push,310,2554623.368524505,2554623.368532931,8.516013622283936e-06,272,20480
push,404,2554623.379824308,2554623.379833125,8.896924555301666e-06,272,20480
push,498,2554623.411838934,2554623.41184764,8.776318281888962e-06,272,20480
push,592,2554623.443815437,2554623.443823783,8.415896445512772e-06,272,20480
push,686,2554623.468585161,2554623.468593707,8.617062121629715e-06,272,20480
push,780,2554623.479822657,2554623.479831324,8.756760507822037e-06,272,20480
push,874,2554623.511811444,2554623.511819389,8.034985512495041e-06,272,20480
push,968,2554623.543811862,2554623.543820198,8.415896445512772e-06,272,20480
push,1062,2554623.568630448,2554623.568639054,8.68597999215126e-06,272,20480
push,1156,2554623.579810576,2554623.579818621,8.12578946352005e-06,272,20480
push,1250,2554623.611816375,2554623.6118247,8.435919880867004e-06,272,20480
push,1344,2554623.643813928,2554623.643822294,8.415896445512772e-06,272,20480
push,1438,2554623.668691514,2554623.6687002,8.746050298213959e-06,272,20480
push,29,2554623.679815457,2554623.679823803,8.435919880867004e-06,272,20480
push,123,2554623.711814223,2554623.711822679,8.526258170604706e-06,272,20480
push,217,2554623.743818008,2554623.743826233,8.30506905913353e-06,272,20480
push,311,2554623.768807664,2554623.76881633,8.735805749893188e-06,272,20480
push,405,2554623.77986357,2554623.779872236,8.746050298213959e-06,272,20480
push,499,2554623.811852597,2554623.811860902,8.414965122938156e-06,272,20480
push,593,2554623.843851883,2554623.843860169,8.366070687770844e-06,272,20480
push,687,2554623.868805422,2554623.868813597,8.255243301391602e-06,272,20480
push,781,2554623.879826482,2554623.879834697,8.314847946166992e-06,272,20480
push,875,2554623.911822953,2554623.911831479,8.636154234409332e-06,272,20480
push,969,2554623.943843699,2554623.943852446,8.827075362205505e-06,272,20480
push,1063,2554623.9688515,2554623.968860126,8.726026862859726e-06,272,20480
push,1157,2554623.979797169,2554623.979805745,8.645933121442795e-06,272,20480
push,1251,2554624.011787438,2554624.011796204,8.847098797559738e-06,272,20480
push,1345,2554624.043786524,2554624.04379497,8.526258170604706e-06,272,20480
push,1439,2554624.068874765,2554624.06888277,8.084811270236969e-06,272,20480
push,30,2554624.079781992,2554624.079790177,8.275266736745834e-06,272,20480
push,124,2554624.111780938,2554624.111789143,8.285976946353912e-06,272,20480
push,218,2554624.143785955,2554624.143794541,8.656177669763565e-06,272,20480
push,312,2554624.168955518,2554624.168963764,8.306000381708145e-06,272,20480
push,406,2554624.17979601,2554624.179804146,8.216127753257751e-06,272,20480
push,500,2554624.211783324,2554624.2117915,8.256174623966217e-06,272,20480
push,594,2554624.243799983,2554624.243808369,8.455943316221237e-06,272,20480
push,688,2554624.269015763,2554624.269025331,9.668059647083282e-06,272,20480
push,782,2554624.27977892,2554624.279786965,8.115079253911972e-06,272,20480
push,876,2554624.311781863,2554624.311789668,7.874798029661179e-06,272,20480
push,970,2554624.34378674,2554624.343795086,8.435919880867004e-06,272,20480
push,1064,2554624.369038197,2554624.369045972,7.854774594306946e-06,272,20480
push,1158,2554624.37979376,2554624.379802326,8.665956556797028e-06,272,20480
push,1252,2554624.411786724,2554624.41179504,8.386094123125076e-06,272,20480
push,1346,2554624.4437857,2554624.443793645,8.034985512495041e-06,272,20480
push,1440,2554624.469090287,2554624.469098171,7.964670658111572e-06,272,20480
push,31,2554624.479787279,2554624.479795464,8.256174623966217e-06,272,20480
push,125,2554624.511786105,2554624.51179422,8.174683898687363e-06,272,20480
push,219,2554624.54779068,2554624.547799125,8.525792509317398e-06,272,20480
push,313,2554624.583785867,2554624.583794323,8.536037057638168e-06,272,20480
push,407,2554624.615786856,2554624.615795403,8.626841008663177e-06,272,20480
push,501,2554624.647787877,2554624.647796753,8.956063538789749e-06,272,20480
push,595,2554624.669203653,2554624.669211798,8.224975317716599e-06,272,20480
push,689,2554624.68381335,2554624.683823349,1.0089017450809479e-05,272,20480
push,783,2554624.715785486,2554624.715793682,8.275732398033142e-06,272,20480
push,877,2554624.747780254,2554624.74778851,8.34604725241661e-06,272,20480
push,971,2554624.7692598,2554624.769268216,8.505769073963165e-06,272,20480
push,1065,2554624.78379053,2554624.783798725,8.274801075458527e-06,272,20480
push,1159,2554624.81578674,2554624.815795026,8.376315236091614e-06,272,20480
push,1253,2554624.869313182,2554624.869321247,8.135102689266205e-06,272,20480
push,1347,2554624.883793677,2554624.883801532,7.924623787403107e-06,272,20480
push,1441,2554624.915792393,2554624.915800588,8.265022188425064e-06,272,20480
push,32,2554624.947784375,2554624.947824029,3.974512219429016e-05,272,20480
push,126,2554624.969362797,2554624.969371042,8.314847946166992e-06,272,20480
push,220,2554624.983790894,2554624.98379927,8.446164429187775e-06,272,20480
push,314,2554625.019793916,2554625.019802452,8.636154234409332e-06,272,20480
push,408,2554625.051781029,2554625.051789115,8.176080882549286e-06,272,20480
push,502,2554625.083801596,2554625.083810432,8.916016668081284e-06,272,20480
push,596,2554625.115779322,2554625.115787658,8.435919880867004e-06,272,20480
push,690,2554625.147800239,2554625.147808905,8.726026862859726e-06,272,20480
push,784,2554625.1837972,2554625.183805896,8.775852620601654e-06,272,20480
push,878,2554625.215786627,2554625.215795093,8.565839380025864e-06,272,20480
push,972,2554625.247785874,2554625.247794219,8.424744009971619e-06,272,20480
push,1066,2554625.269529615,2554625.269538041,8.495990186929703e-06,272,20480
push,1160,2554625.283793064,2554625.283802662,9.678304195404053e-06,272,20480
push,1254,2554625.315784886,2554625.315793652,8.846167474985123e-06,272,20480
push,1348,2554625.347782549,2554625.347790785,8.326023817062378e-06,272,20480
push,1442,2554625.369586904,2554625.36959524,8.415896445512772e-06,272,20480
push,33,2554625.383787615,2554625.383796001,8.455943316221237e-06,272,20480
push,127,2554625.415785058,2554625.415793644,8.665956556797028e-06,272,20480
push,221,2554625.447782982,2554625.447791508,8.60588625073433e-06,272,20480
push,315,2554625.469643723,2554625.469652068,8.414965122938156e-06,272,20480
push,409,2554625.483782187,2554625.483790372,8.274801075458527e-06,272,20480
push,503,2554625.515787204,2554625.5157954,8.266419172286987e-06,272,20480
push,597,2554625.547785609,2554625.547793484,7.95489177107811e-06,272,20480
push,691,2554625.569695431,2554625.569703577,8.216127753257751e-06,272,20480
push,785,2554625.583778432,2554625.583791136,1.2774020433425903e-05,272,20480
push,879,2554625.615785052,2554625.615793337,8.366070687770844e-06,272,20480
push,973,2554625.64778512,2554625.647793165,8.124858140945435e-06,272,20480
push,1067,2554625.669753642,2554625.669761898,8.336268365383148e-06,272,20480
push,1161,2554625.683785106,2554625.683793572,8.545815944671631e-06,272,20480
push,1255,2554625.715780365,2554625.71578848,8.195172995328903e-06,272,20480
push,1349,2554625.747787657,2554625.747795792,8.224975317716599e-06,272,20480
push,1443,2554625.769810321,2554625.769818766,8.506234735250473e-06,272,20480
push,34,2554625.783790348,2554625.783798513,8.224975317716599e-06,272,20480
push,128,2554625.815783092,2554625.815791868,8.856412023305893e-06,272,20480
push,222,2554625.847789492,2554625.847797958,8.536037057638168e-06,272,20480
push,316,2554625.869862721,2554625.869871046,8.394941687583923e-06,272,20480
push,410,2554625.883785841,2554625.883793816,8.044764399528503e-06,272,20480
push,504,2554625.915784296,2554625.915792582,8.375849574804306e-06,272,20480
push,598,2554625.947784404,2554625.9477929,8.576083928346634e-06,272,20480
push,692,2554625.969916734,2554625.969924759,8.09505581855774e-06,272,20480
push,786,2554625.979817243,2554625.979825228,8.075032383203506e-06,272,20480
push,880,2554626.011780192,2554626.011788197,8.09505581855774e-06,272,20480
push,974,2554626.043789277,2554626.043797452,8.255243301391602e-06,272,20480
push,1068,2554626.069969735,2554626.069978341,8.68597999215126e-06,272,20480
push,1162,2554626.079800133,2554626.07980892,8.866656571626663e-06,272,20480
push,1256,2554626.111781807,2554626.111790172,8.434988558292389e-06,272,20480
push,1350,2554626.143788016,2554626.143796342,8.406117558479309e-06,272,20480
push,1444,2554626.170026193,2554626.170034478,8.354894816875458e-06,272,20480
push,35,2554626.171845563,2554626.171856043,1.0569579899311066e-05,272,20480
push,129,2554626.203785268,2554626.203793804,8.635688573122025e-06,272,20480
push,223,2554626.235784565,2554626.23579288,8.384697139263153e-06,272,20480
push,317,2554626.267789381,2554626.267797987,8.686911314725876e-06,272,20480
push,411,2554626.303782004,2554626.303793726,1.1791940778493881e-05,272,20480
push,505,2554626.315783101,2554626.315791407,8.395873010158539e-06,272,20480
push,599,2554626.347781255,2554626.347789341,8.156057447195053e-06,272,20480
push,693,2554626.37184196,2554626.371850116,8.245930075645447e-06,272,20480
push,787,2554626.383783236,2554626.383791491,8.314847946166992e-06,272,20480
push,881,2554626.415784766,2554626.415792911,8.225906640291214e-06,272,20480
push,975,2554626.447786998,2554626.447795404,8.47596675157547e-06,272,20480
push,1069,2554626.471891295,2554626.47189942,8.194707334041595e-06,272,20480
push,1163,2554626.483781935,2554626.48378999,8.134637027978897e-06,272,20480
push,1257,2554626.515784397,2554626.515792182,7.865019142627716e-06,272,20480
push,1351,2554626.547784806,2554626.547792961,8.225906640291214e-06,272,20480
push,1445,2554626.57194636,2554626.571954335,8.055008947849274e-06,272,20480
push,36,2554626.583781917,2554626.583789982,8.144881576299667e-06,272,20480
push,130,2554626.615785892,2554626.615794148,8.33580270409584e-06,272,20480
push,224,2554626.647784718,2554626.647793083,8.425209671258926e-06,272,20480
push,318,2554626.672004731,2554626.672012936,8.275266736745834e-06,272,20480
push,412,2554626.683788581,2554626.683796847,8.336268365383148e-06,272,20480
push,506,2554626.71578915,2554626.715798037,8.956994861364365e-06,272,20480
push,600,2554626.747781573,2554626.747789709,8.225906640291214e-06,272,20480
push,694,2554626.77205668,2554626.772064976,8.375849574804306e-06,272,20480
push,788,2554626.783785537,2554626.783794053,8.6161307990551e-06,272,20480
push,882,2554626.815786006,2554626.815794241,8.314847946166992e-06,272,20480
push,976,2554626.847781275,2554626.84778971,8.536037057638168e-06,272,20480
push,1070,2554626.872111164,2554626.87211959,8.495990186929703e-06,272,20480
push,1164,2554626.883800527,2554626.883809344,8.906703442335129e-06,272,20480
push,1258,2554626.915784354,2554626.91579255,8.26595351099968e-06,272,20480
push,1352,2554626.947793259,2554626.947801705,8.536037057638168e-06,272,20480
push,1446,2554626.972199421,2554626.972207607,8.26595351099968e-06,272,20480
push,37,2554626.983795289,2554626.983803865,8.645933121442795e-06,272,20480
push,131,2554627.003826179,2554627.003834615,8.505769073963165e-06,272,20480
push,225,2554627.019782461,2554627.019790747,8.365605026483536e-06,272,20480
push,319,2554627.051781607,2554627.051789963,8.41636210680008e-06,272,20480
push,413,2554627.0722243,2554627.072232876,8.656177669763565e-06,272,20480
push,507,2554627.087786994,2554627.08779531,8.386094123125076e-06,272,20480
push,601,2554627.11978085,2554627.119788945,8.174683898687363e-06,272,20480
push,695,2554627.151783834,2554627.151791989,8.234754204750061e-06,272,20480
push,789,2554627.172278694,2554627.17228749,8.887145668268204e-06,272,20480
push,883,2554627.187786675,2554627.187795101,8.495990186929703e-06,272,20480
push,977,2554627.219790851,2554627.219799598,8.836854249238968e-06,272,20480
push,1071,2554627.251796299,2554627.251804845,8.635688573122025e-06,272,20480
push,1165,2554627.27233458,2554627.272342876,8.366070687770844e-06,272,20480
push,1259,2554627.287789733,2554627.287798099,8.445698767900467e-06,272,20480
push,1353,2554627.319782828,2554627.319791364,8.6161307990551e-06,272,20480
push,1447,2554627.351782465,2554627.35179061,8.215196430683136e-06,272,20480
push,38,2554627.372384295,2554627.372392631,8.406117558479309e-06,272,20480
push,132,2554627.387784715,2554627.387793081,8.436385542154312e-06,272,20480
push,226,2554627.419785044,2554627.419793149,8.15466046333313e-06,272,20480
push,320,2554627.451792866,2554627.451801252,8.466187864542007e-06,272,20480
push,414,2554627.472437887,2554627.472446123,8.33580270409584e-06,272,20480
push,508,2554627.487787302,2554627.487795638,8.415896445512772e-06,272,20480
push,602,2554627.519781899,2554627.519790215,8.415896445512772e-06,272,20480
push,696,2554627.551782028,2554627.551790293,8.34604725241661e-06,272,20480
push,790,2554627.572496449,2554627.572504695,8.34604725241661e-06,272,20480
push,884,2554627.587790169,2554627.587798224,8.135102689266205e-06,272,20480
push,978,2554627.619786851,2554627.619795407,8.625909686088562e-06,272,20480
push,1072,2554627.651784254,2554627.651792559,8.375383913516998e-06,272,20480
push,1166,2554627.672557976,2554627.672566653,8.77678394317627e-06,272,20480
push,1260,2554627.687788278,2554627.687796343,8.145347237586975e-06,272,20480
push,1354,2554627.719791782,2554627.719800268,8.556060492992401e-06,272,20480
push,1448,2554627.751785648,2554627.751794004,8.446164429187775e-06,272,20480
push,39,2554627.77260681,2554627.772614985,8.254777640104294e-06,272,20480
push,133,2554627.787791325,2554627.787799671,8.41636210680008e-06,272,20480
push,227,2554627.819785021,2554627.819793387,8.446164429187775e-06,272,20480
push,321,2554627.851783876,2554627.851792342,8.556060492992401e-06,272,20480
push,415,2554627.872662667,2554627.872670832,8.224975317716599e-06,272,20480
push,509,2554627.887796647,2554627.887806555,9.979121387004852e-06,272,20480
push,603,2554627.919779482,2554627.919787587,8.186325430870056e-06,272,20480
push,697,2554627.951785592,2554627.951793757,8.255243301391602e-06,272,20480
push,791,2554627.972712822,2554627.972720827,8.086208254098892e-06,272,20480
push,885,2554627.987783564,2554627.987791819,8.326023817062378e-06,272,20480
push,979,2554628.027784882,2554628.027793528,8.726026862859726e-06,272,20480
push,1073,2554628.039785659,2554628.039794024,8.434988558292389e-06,272,20480
push,1167,2554628.071781999,2554628.071790135,8.245930075645447e-06,272,20480
push,1261,2554628.11578059,2554628.115789076,8.556060492992401e-06,272,20480
push,1355,2554628.131784501,2554628.131792797,8.375849574804306e-06,272,20480
push,1449,2554628.183843061,2554628.183851738,8.746981620788574e-06,272,20480
push,40,2554628.199796658,2554628.199805174,8.585862815380096e-06,272,20480
push,134,2554628.231783501,2554628.231792017,8.596107363700867e-06,272,20480
push,228,2554628.263781616,2554628.263790192,8.676201105117798e-06,272,20480
push,322,2554628.283897184,2554628.28390534,8.256174623966217e-06,272,20480
push,416,2554628.299787292,2554628.299795537,8.316244930028915e-06,272,20480
push,510,2554628.331780057,2554628.331788192,8.204951882362366e-06,272,20480
push,604,2554628.363784673,2554628.363792788,8.194707334041595e-06,272,20480
push,698,2554628.383959513,2554628.38396832,8.876901119947433e-06,272,20480
push,792,2554628.399784649,2554628.399792654,8.065253496170044e-06,272,20480
push,886,2554628.463777822,2554628.463789594,1.186225563287735e-05,272,20480
push,980,2554628.484001684,2554628.484009719,8.09505581855774e-06,272,20480
push,1074,2554628.499786525,2554628.49979493,8.495058864355087e-06,272,20480
push,1168,2554628.531799607,2554628.531808283,8.746050298213959e-06,272,20480
push,1262,2554628.563781982,2554628.563790027,8.145347237586975e-06,272,20480
push,1356,2554628.584063041,2554628.584072649,9.688083082437515e-06,272,20480
push,1450,2554628.599782709,2554628.599790814,8.184928447008133e-06,272,20480
push,41,2554628.631792145,2554628.631800591,8.526258170604706e-06,272,20480
push,135,2554628.66379062,2554628.663798785,8.244998753070831e-06,272,20480
push,229,2554628.684116323,2554628.684124889,8.645933121442795e-06,272,20480
push,323,2554628.699786268,2554628.699794614,8.415896445512772e-06,272,20480
push,417,2554628.731784653,2554628.731792778,8.215196430683136e-06,272,20480
push,511,2554628.76378476,2554628.763792755,8.095987141132355e-06,272,20480
push,605,2554628.78416707,2554628.784175555,8.576083928346634e-06,272,20480
push,699,2554628.799783304,2554628.799791459,8.216127753257751e-06,272,20480
push,793,2554628.831786327,2554628.831794873,8.617062121629715e-06,272,20480
push,887,2554628.863784732,2554628.863792968,8.336268365383148e-06,272,20480
push,981,2554628.884221864,2554628.88423021,8.415896445512772e-06,272,20480
push,1075,2554628.899783276,2554628.899791311,8.104834705591202e-06,272,20480
push,1169,2554628.931779396,2554628.931787551,8.236151188611984e-06,272,20480
push,1263,2554628.963801486,2554628.963809821,8.415896445512772e-06,272,20480
push,1357,2554628.984274665,2554628.984282981,8.396338671445847e-06,272,20480
push,1451,2554628.987822886,2554628.987833296,1.0509975254535675e-05,272,20480
push,42,2554628.999797715,2554628.999806671,9.057112038135529e-06,272,20480
push,136,2554629.031784628,2554629.031793796,9.237788617610931e-06,272,20480
push,230,2554629.063783814,2554629.06379212,8.375849574804306e-06,272,20480
push,324,2554629.084333637,2554629.084342053,8.48621129989624e-06,272,20480
push,418,2554629.099784562,2554629.099793118,8.645933121442795e-06,272,20480
push,512,2554629.131780282,2554629.131788437,8.234754204750061e-06,272,20480
push,606,2554629.163786531,2554629.163794686,8.236151188611984e-06,272,20480
push,700,2554629.184384414,2554629.18439253,8.185859769582748e-06,272,20480
push,794,2554629.199781779,2554629.199790094,8.37491825222969e-06,272,20480
push,888,2554629.231786165,2554629.23179465,8.566305041313171e-06,272,20480
push,982,2554629.263789518,2554629.263798075,8.637085556983948e-06,272,20480
push,1076,2554629.2844398,2554629.284448576,8.846167474985123e-06,272,20480
push,1170,2554629.299796338,2554629.299805124,8.865725249052048e-06,272,20480
push,1264,2554629.33178827,2554629.331796926,8.767005056142807e-06,272,20480
push,1358,2554629.36378393,2554629.363791955,8.09505581855774e-06,272,20480
push,1452,2554629.384493162,2554629.384501688,8.596107363700867e-06,272,20480
push,43,2554629.399784227,2554629.399792342,8.195172995328903e-06,272,20480
push,137,2554629.431788353,2554629.431796658,8.395407348871231e-06,272,20480
push,231,2554629.463802537,2554629.463811293,8.846167474985123e-06,272,20480
push,325,2554629.484550992,2554629.484559558,8.645933121442795e-06,272,20480
push,419,2554629.499790371,2554629.499798566,8.275266736745834e-06,272,20480
push,513,2554629.531785369,2554629.531793594,8.314847946166992e-06,272,20480
push,607,2554629.563790777,2554629.563799353,8.645933121442795e-06,272,20480
push,701,2554629.584605085,2554629.584613491,8.485745638608932e-06,272,20480
push,795,2554629.59978381,2554629.599792015,8.30506905913353e-06,272,20480
push,889,2554629.631781894,2554629.631790119,8.296221494674683e-06,272,20480
push,983,2554629.663784527,2554629.663792632,8.184928447008133e-06,272,20480
push,1077,2554629.684661783,2554629.684670049,8.34604725241661e-06,272,20480
push,1171,2554629.699787338,2554629.699795333,8.085276931524277e-06,272,20480
push,1265,2554629.731783939,2554629.731792315,8.455943316221237e-06,272,20480
push,1359,2554629.76378007,2554629.763788436,8.446164429187775e-06,272,20480
push,1453,2554629.784710507,2554629.784718602,8.1649050116539e-06,272,20480
push,44,2554629.79978215,2554629.799790235,8.176080882549286e-06,272,20480
push,138,2554629.83178854,2554629.831796856,8.406117558479309e-06,272,20480
push,232,2554629.863795,2554629.863803937,9.017065167427063e-06,272,20480
push,326,2554629.884769229,2554629.884777705,8.555594831705093e-06,272,20480
push,420,2554629.899782343,2554629.899790628,8.376315236091614e-06,272,20480
push,514,2554629.93178716,2554629.931795405,8.334871381521225e-06,272,20480
push,608,2554629.963779082,2554629.963787117,8.115079253911972e-06,272,20480
push,702,2554629.984823242,2554629.984831437,8.265022188425064e-06,272,20480
push,796,2554629.999788636,2554629.999796802,8.256174623966217e-06,272,20480
push,890,2554630.031789305,2554630.031797571,8.355826139450073e-06,272,20480
push,984,2554630.063780396,2554630.063788712,8.396338671445847e-06,272,20480
push,1078,2554630.084876955,2554630.084885761,8.89599323272705e-06,272,20480
push,1172,2554630.099792004,2554630.099800861,8.946750313043594e-06,272,20480
push,1266,2554630.131790169,2554630.131798845,8.775852620601654e-06,272,20480
push,1360,2554630.163787031,2554630.163795186,8.234754204750061e-06,272,20480
push,1454,2554630.184931108,2554630.184939353,8.3153136074543e-06,272,20480
push,45,2554630.199788429,2554630.199796625,8.285976946353912e-06,272,20480
push,139,2554630.231782016,2554630.231790221,8.265022188425064e-06,272,20480
push,233,2554630.263780771,2554630.263789026,8.325092494487762e-06,272,20480
push,327,2554630.284987936,2554630.284996182,8.326023817062378e-06,272,20480
push,421,2554630.299784424,2554630.299792449,8.09505581855774e-06,272,20480
push,515,2554630.331780665,2554630.3317888,8.224975317716599e-06,272,20480
push,609,2554630.363785171,2554630.363793266,8.17514955997467e-06,272,20480
push,703,2554630.385041128,2554630.385049183,8.124858140945435e-06,272,20480
push,797,2554630.399809112,2554630.399817338,8.316244930028915e-06,272,20480
push,891,2554630.431788591,2554630.431796717,8.205883204936981e-06,272,20480
push,985,2554630.463787798,2554630.463796064,8.336268365383148e-06,272,20480
push,1079,2554630.48509452,2554630.485102575,8.115079253911972e-06,272,20480
push,1173,2554630.499781933,2554630.499789998,8.144881576299667e-06,272,20480
push,1267,2554630.531812428,2554630.531821495,9.12696123123169e-06,272,20480
push,1361,2554630.563779294,2554630.56379313,1.391582190990448e-05,272,20480
push,1455,2554630.585153202,2554630.585161457,8.334871381521225e-06,272,20480
push,46,2554630.599780352,2554630.599788738,8.455943316221237e-06,272,20480
push,140,2554630.631784518,2554630.631792873,8.405186235904694e-06,272,20480
push,234,2554630.663782592,2554630.663791068,8.556060492992401e-06,272,20480
push,328,2554630.685206493,2554630.685214779,8.34604725241661e-06,272,20480
push,422,2554630.699785994,2554630.699793969,8.06618481874466e-06,272,20480
push,516,2554630.731781714,2554630.731789759,8.115079253911972e-06,272,20480
push,610,2554630.763784076,2554630.763792121,8.104834705591202e-06,272,20480
push,704,2554630.78527298,2554630.785282648,9.747687727212906e-06,272,20480
push,798,2554630.799783171,2554630.799791537,8.425675332546234e-06,272,20480
push,892,2554630.831782407,2554630.831790592,8.26595351099968e-06,272,20480
push,986,2554630.863786603,2554630.863795059,8.516013622283936e-06,272,20480
push,1080,2554630.885321192,2554630.885329368,8.256174623966217e-06,272,20480
push,1174,2554630.899793201,2554630.899801717,8.585862815380096e-06,272,20480
push,1268,2554630.931787639,2554630.931795774,8.225906640291214e-06,272,20480
push,1362,2554630.963785122,2554630.963793498,8.445698767900467e-06,272,20480
push,1456,2554630.98536696,2554630.985375175,8.285045623779297e-06,272,20480
push,47,2554630.999779999,2554630.999788154,8.235219866037369e-06,272,20480
push,141,2554631.035790805,2554631.035799401,8.656177669763565e-06,272,20480
push,235,2554631.067784171,2554631.067792256,8.174683898687363e-06,272,20480
push,329,2554631.099783056,2554631.099792083,9.117182344198227e-06,272,20480
push,423,2554631.131779397,2554631.131787522,8.196104317903519e-06,272,20480
push,517,2554631.163786598,2554631.163794744,8.225906640291214e-06,272,20480
push,611,2554631.199784801,2554631.199793127,8.396338671445847e-06,272,20480
push,705,2554631.23178027,2554631.231788626,8.435919880867004e-06,272,20480
push,799,2554631.263795026,2554631.263803883,8.936971426010132e-06,272,20480
push,893,2554631.285532436,2554631.285540771,8.414965122938156e-06,272,20480
push,987,2554631.291867932,2554631.291878392,1.0570045560598373e-05,272,20480
push,1081,2554631.323790545,2554631.323799231,8.766073733568192e-06,272,20480
push,1175,2554631.355787066,2554631.355795572,8.596107363700867e-06,272,20480
push,1269,2554631.385590737,2554631.385598992,8.334871381521225e-06,272,20480
push,1363,2554631.395782723,2554631.395791138,8.485745638608932e-06,272,20480
push,1457,2554631.427783592,2554631.427791557,8.02474096417427e-06,272,20480
push,48,2554631.459781366,2554631.459789601,8.30506905913353e-06,272,20480
push,142,2554631.485667102,2554631.485675588,8.565839380025864e-06,272,20480
push,236,2554631.495781532,2554631.495789717,8.27619805932045e-06,272,20480
push,330,2554631.527787431,2554631.527795947,8.595641702413559e-06,272,20480
push,424,2554631.559785465,2554631.559794512,9.127426892518997e-06,272,20480
push,518,2554631.585697982,2554631.585706027,8.124858140945435e-06,272,20480
push,612,2554631.595781314,2554631.595789399,8.1649050116539e-06,272,20480
push,706,2554631.62778046,2554631.627789307,8.936971426010132e-06,272,20480
push,800,2554631.659800265,2554631.659808771,8.585862815380096e-06,272,20480
push,894,2554631.685749981,2554631.685758527,8.635688573122025e-06,272,20480
push,988,2554631.695782398,2554631.695790463,8.135102689266205e-06,272,20480
push,1082,2554631.727778067,2554631.727786112,8.135102689266205e-06,272,20480
push,1176,2554631.759800347,2554631.759808813,8.545815944671631e-06,272,20480
push,1270,2554631.785811137,2554631.785819603,8.536037057638168e-06,272,20480
push,1364,2554631.795784573,2554631.795792839,8.33580270409584e-06,272,20480
push,1458,2554631.827786265,2554631.82779435,8.184928447008133e-06,272,20480
push,49,2554631.859783227,2554631.859791292,8.135102689266205e-06,272,20480
push,143,2554631.885863277,2554631.885871713,8.525792509317398e-06,272,20480
push,237,2554631.895780769,2554631.895788704,8.014962077140808e-06,272,20480
push,331,2554631.927789583,2554631.927797708,8.204951882362366e-06,272,20480
push,425,2554631.959783198,2554631.959791384,8.26595351099968e-06,272,20480
push,519,2554631.985925005,2554631.98593338,8.455011993646622e-06,272,20480
push,613,2554631.995815445,2554631.995823841,8.47596675157547e-06,272,20480
push,707,2554632.027786689,2554632.027794634,8.025206625461578e-06,272,20480
push,801,2554632.059797627,2554632.059806153,8.596107363700867e-06,272,20480
push,895,2554632.085974669,2554632.085982935,8.34604725241661e-06,272,20480
push,989,2554632.095788647,2554632.095796752,8.1649050116539e-06,272,20480
push,1083,2554632.127784026,2554632.127792231,8.275266736745834e-06,272,20480
push,1177,2554632.159785236,2554632.159793963,8.826609700918198e-06,272,20480
push,1271,2554632.186025016,2554632.186033201,8.254777640104294e-06,272,20480
push,1365,2554632.195792075,2554632.195801553,9.568408131599426e-06,272,20480
push,1459,2554632.227782094,2554632.227790079,8.06618481874466e-06,272,20480
push,50,2554632.259785078,2554632.259793353,8.334871381521225e-06,272,20480
push,144,2554632.286086643,2554632.286094768,8.214730769395828e-06,272,20480
push,238,2554632.295783782,2554632.295792147,8.434988558292389e-06,272,20480
push,332,2554632.327793508,2554632.327803065,9.638257324695587e-06,272,20480
push,426,2554632.359781833,2554632.359790389,8.625909686088562e-06,272,20480
push,520,2554632.38613746,2554632.386145776,8.376315236091614e-06,272,20480
push,614,2554632.39578182,2554632.395790035,8.304603397846222e-06,272,20480
push,708,2554632.427807155,2554632.427816031,8.956994861364365e-06,272,20480
push,802,2554632.45978974,2554632.459797885,8.235219866037369e-06,272,20480
push,896,2554632.486192285,2554632.48620038,8.184928447008133e-06,272,20480
push,990,2554632.495786079,2554632.495794425,8.425675332546234e-06,272,20480
push,1084,2554632.515793926,2554632.515802132,8.295755833387375e-06,272,20480
push,1178,2554632.531798659,2554632.531807526,8.936971426010132e-06,272,20480
push,1272,2554632.563793888,2554632.563802685,8.877366781234741e-06,272,20480
push,1366,2554632.586246208,2554632.586254714,8.596107363700867e-06,272,20480
push,1460,2554632.599787242,2554632.599795347,8.17514955997467e-06,272,20480
push,51,2554632.631799793,2554632.63180862,8.916947990655899e-06,272,20480
push,145,2554632.66378877,2554632.663796865,8.186325430870056e-06,272,20480
push,239,2554632.686304178,2554632.686312494,8.395873010158539e-06,272,20480
push,333,2554632.699805538,2554632.699814505,9.046867489814758e-06,272,20480
push,427,2554632.731782232,2554632.731793764,1.1621974408626556e-05,272,20480
push,521,2554632.76378742,2554632.763795996,8.665956556797028e-06,272,20480
push,615,2554632.78635725,2554632.786365495,8.325092494487762e-06,272,20480
push,709,2554632.799781655,2554632.79978954,7.974915206432343e-06,272,20480
push,803,2554632.831792213,2554632.831800629,8.485745638608932e-06,272,20480
push,897,2554632.863785167,2554632.863793233,8.155591785907745e-06,272,20480
push,991,2554632.886408397,2554632.886416723,8.406117558479309e-06,272,20480
push,1085,2554632.899785905,2554632.899794111,8.285976946353912e-06,272,20480
push,1179,2554632.931781986,2554632.93178984,7.93440267443657e-06,272,20480
push,1273,2554632.96379076,2554632.963798925,8.255243301391602e-06,272,20480
push,1367,2554632.986468993,2554632.986477459,8.545815944671631e-06,272,20480
push,1461,2554632.987847427,2554632.987855452,8.09505581855774e-06,272,20480
push,52,2554632.999786658,2554632.999794663,8.105766028165817e-06,272,20480
push,146,2554633.031789782,2554633.031798087,8.386094123125076e-06,272,20480
push,240,2554633.063786503,2554633.063794679,8.26595351099968e-06,272,20480
push,334,2554633.086520631,2554633.086528616,8.065253496170044e-06,272,20480
push,428,2554633.099788383,2554633.099796669,8.366070687770844e-06,272,20480
push,522,2554633.131783442,2554633.131791687,8.325092494487762e-06,272,20480
push,616,2554633.16378873,2554633.163796825,8.195172995328903e-06,272,20480
push,710,2554633.186584743,2554633.18659367,9.046867489814758e-06,272,20480
push,804,2554633.199792763,2554633.19980147,8.786562830209732e-06,272,20480
push,898,2554633.231796198,2554633.231804744,8.6161307990551e-06,272,20480
push,992,2554633.263783983,2554633.263792589,8.69622454047203e-06,272,20480
push,1086,2554633.286637063,2554633.286645569,8.576083928346634e-06,272,20480
push,1180,2554633.299796553,2554633.299805209,8.716247975826263e-06,272,20480
push,1274,2554633.331782344,2554633.331790539,8.285045623779297e-06,272,20480
push,1368,2554633.36379256,2554633.363801427,8.966773748397827e-06,272,20480
push,1462,2554633.386690105,2554633.386698671,8.6161307990551e-06,272,20480
push,53,2554633.399782288,2554633.399790493,8.295290172100067e-06,272,20480
push,147,2554633.431786443,2554633.431794839,8.47596675157547e-06,272,20480
push,241,2554633.486744228,2554633.486752664,8.495990186929703e-06,272,20480
push,335,2554633.499787078,2554633.499795604,8.596107363700867e-06,272,20480
push,429,2554633.531784241,2554633.531792576,8.404720574617386e-06,272,20480
push,523,2554633.563788717,2554633.563797033,8.375849574804306e-06,272,20480
push,617,2554633.586800575,2554633.586808911,8.406117558479309e-06,272,20480
push,711,2554633.599785407,2554633.599793402,8.075032383203506e-06,272,20480
push,805,2554633.631782149,2554633.631790204,8.135102689266205e-06,272,20480
push,899,2554633.663792215,2554633.663800962,8.827075362205505e-06,272,20480
push,993,2554633.686851072,2554633.686859327,8.325092494487762e-06,272,20480
push,1087,2554633.699781101,2554633.699789186,8.15466046333313e-06,272,20480
push,1181,2554633.73179244,2554633.731801196,8.825678378343582e-06,272,20480
push,1275,2554633.763784513,2554633.763792478,8.045230060815811e-06,272,20480
push,1369,2554633.786925634,2554633.78693421,8.676201105117798e-06,272,20480
push,1463,2554633.799791743,2554633.799799938,8.29482451081276e-06,272,20480
push,54,2554633.831785909,2554633.831794265,8.455943316221237e-06,272,20480
push,148,2554633.863786358,2554633.863794574,8.296221494674683e-06,272,20480
push,242,2554633.88696017,2554633.886968496,8.395873010158539e-06,272,20480
push,336,2554633.899785112,2554633.899793678,8.635688573122025e-06,272,20480
push,430,2554633.931815326,2554633.931823972,8.726958185434341e-06,272,20480
push,524,2554633.963781531,2554633.963789686,8.236151188611984e-06,272,20480
push,618,2554633.987021868,2554633.987030574,8.795876055955887e-06,272,20480
push,712,2554633.999787147,2554633.999795593,8.536037057638168e-06,272,20480
push,806,2554634.031784771,2554634.031793197,8.495990186929703e-06,272,20480
push,900,2554634.063784969,2554634.063793104,8.216127753257751e-06,272,20480
push,994,2554634.087069499,2554634.087077895,8.48621129989624e-06,272,20480
push,1088,2554634.099786909,2554634.099795125,8.296221494674683e-06,272,20480
push,1182,2554634.131798579,2554634.131807445,8.936971426010132e-06,272,20480
push,1276,2554634.163783168,2554634.163791453,8.365139365196228e-06,272,20480
push,1370,2554634.187121057,2554634.187129353,8.386094123125076e-06,272,20480
push,1464,2554634.199785088,2554634.199793373,8.354894816875458e-06,272,20480
push,55,2554634.231789013,2554634.231797769,8.855946362018585e-06,272,20480
push,149,2554634.263785805,2554634.263794,8.285045623779297e-06,272,20480
push,243,2554634.287177395,2554634.287185941,8.636154234409332e-06,272,20480
push,337,2554634.299783346,2554634.299791361,8.085276931524277e-06,272,20480
push,431,2554634.331790808,2554634.331799074,8.34604725241661e-06,272,20480
push,525,2554634.363793982,2554634.363805093,1.119077205657959e-05,272,20480
push,619,2554634.3872432,2554634.387251505,8.386094123125076e-06,272,20480
push,713,2554634.399784801,2554634.399793217,8.525792509317398e-06,272,20480
push,807,2554634.431782033,2554634.431790379,8.41636210680008e-06,272,20480
push,901,2554634.463785397,2554634.463793813,8.536037057638168e-06,272,20480
push,995,2554634.487288447,2554634.487296542,8.174683898687363e-06,272,20480
push,1089,2554634.499786185,2554634.49979414,8.034985512495041e-06,272,20480
push,1183,2554634.531781664,2554634.53178976,8.176080882549286e-06,272,20480
push,1277,2554634.563785109,2554634.563793264,8.224975317716599e-06,272,20480
push,1371,2554634.587343191,2554634.587351337,8.226372301578522e-06,272,20480
push,1465,2554634.599782029,2554634.599790315,8.365605026483536e-06,272,20480
push,56,2554634.63178369,2554634.631792116,8.516013622283936e-06,272,20480
push,150,2554634.66378477,2554634.663793116,8.426140993833542e-06,272,20480
push,244,2554634.687397976,2554634.687406031,8.155126124620438e-06,272,20480
push,338,2554634.699782852,2554634.699791088,8.306000381708145e-06,272,20480
push,432,2554634.731785736,2554634.731794212,8.565839380025864e-06,272,20480
push,526,2554634.763780434,2554634.763788389,8.034985512495041e-06,272,20480
push,620,2554634.787455505,2554634.787463731,8.295755833387375e-06,272,20480
push,714,2554634.799782073,2554634.799790299,8.315779268741608e-06,272,20480
push,808,2554634.863782319,2554634.863790524,8.28644260764122e-06,272,20480
push,902,2554634.887528164,2554634.887539986,1.1912081390619278e-05,272,20480
push,996,2554634.89979015,2554634.899798556,8.495990186929703e-06,272,20480
push,1090,2554634.931784467,2554634.931792602,8.216127753257751e-06,272,20480
push,1184,2554634.963794263,2554634.96380306,8.876901119947433e-06,272,20480
push,1278,2554634.987563271,2554634.987571397,8.205883204936981e-06,272,20480
push,1372,2554634.999787357,2554634.999795762,8.516013622283936e-06,272,20480
push,1466,2554635.035783476,2554635.035791791,8.415896445512772e-06,272,20480
push,57,2554635.067786439,2554635.067794825,8.47596675157547e-06,272,20480
push,151,2554635.099784643,2554635.099793089,8.526258170604706e-06,272,20480
push,245,2554635.13177876,2554635.131786976,8.296221494674683e-06,272,20480
push,339,2554635.163781032,2554635.163789178,8.225906640291214e-06,272,20480
push,433,2554635.187677168,2554635.187685434,8.366070687770844e-06,272,20480
push,527,2554635.20378277,2554635.203791006,8.316244930028915e-06,272,20480
push,621,2554635.235777829,2554635.235785884,8.135102689266205e-06,272,20480
push,715,2554635.267791032,2554635.267799307,8.355360478162766e-06,272,20480
push,809,2554635.287734127,2554635.287742603,8.556060492992401e-06,272,20480
push,903,2554635.303783012,2554635.303791078,8.145812898874283e-06,272,20480
push,997,2554635.335780386,2554635.335788391,8.115079253911972e-06,272,20480
push,1091,2554635.367779712,2554635.367787827,8.204951882362366e-06,272,20480
push,1185,2554635.387818677,2554635.387828967,1.0390300303697586e-05,272,20480
push,1279,2554635.403793895,2554635.403802501,8.695758879184723e-06,272,20480
push,1373,2554635.435787711,2554635.435796468,8.827075362205505e-06,272,20480
push,1467,2554635.467781607,2554635.467789592,8.064787834882736e-06,272,20480
push,58,2554635.487784014,2554635.48779264,8.706003427505493e-06,272,20480
push,152,2554635.503783888,2554635.503792194,8.375849574804306e-06,272,20480
push,246,2554635.535782203,2554635.535790398,8.274801075458527e-06,272,20480
push,340,2554635.567785506,2554635.567793832,8.405651897192001e-06,272,20480
push,434,2554635.587841544,2554635.587849649,8.165370672941208e-06,272,20480
push,528,2554635.603786264,2554635.603794961,8.767005056142807e-06,272,20480
push,622,2554635.635784308,2554635.635792634,8.406117558479309e-06,272,20480
push,716,2554635.667777604,2554635.667785809,8.29482451081276e-06,272,20480
push,810,2554635.687895086,2554635.687903562,8.565839380025864e-06,272,20480
push,904,2554635.703783901,2554635.703792007,8.176080882549286e-06,272,20480
push,998,2554635.735777848,2554635.735786064,8.285976946353912e-06,272,20480
push,1092,2554635.767783867,2554635.767792253,8.4657222032547e-06,272,20480
push,1186,2554635.787959429,2554635.787968035,8.676201105117798e-06,272,20480
push,1280,2554635.803786939,2554635.803795205,8.34604725241661e-06,272,20480
push,1374,2554635.835795052,2554635.835803348,8.386094123125076e-06,272,20480
push,1468,2554635.867783198,2554635.867792375,9.266659617424011e-06,272,20480
push,59,2554635.888000547,2554635.888009033,8.567236363887787e-06,272,20480
push,153,2554635.903789546,2554635.903798162,8.69622454047203e-06,272,20480
push,247,2554635.935785316,2554635.935793752,8.506234735250473e-06,272,20480
push,341,2554635.96378265,2554635.963790765,8.216127753257751e-06,272,20480
push,435,2554635.988084557,2554635.988095508,1.1051073670387268e-05,272,20480
push,529,2554635.995818034,2554635.995828043,1.0099261999130249e-05,272,20480
push,623,2554636.027784339,2554636.027792565,8.306000381708145e-06,272,20480
push,717,2554636.059785138,2554636.059793113,8.065253496170044e-06,272,20480
push,811,2554636.088114114,2554636.08812239,8.366070687770844e-06,272,20480
push,905,2554636.099783069,2554636.099791274,8.285976946353912e-06,272,20480
push,999,2554636.131791523,2554636.131799968,8.514616638422012e-06,272,20480
push,1093,2554636.163784938,2554636.163793374,8.516013622283936e-06,272,20480
push,1187,2554636.188165072,2554636.188173317,8.325092494487762e-06,272,20480
push,1281,2554636.199784333,2554636.199792488,8.216127753257751e-06,272,20480
push,1375,2554636.231785504,2554636.231793779,8.344650268554688e-06,272,20480
push,1469,2554636.288225497,2554636.288234033,8.60588625073433e-06,272,20480
push,60,2554636.299779186,2554636.299787261,8.17514955997467e-06,272,20480
push,154,2554636.331786026,2554636.331794612,8.686445653438568e-06,272,20480
push,248,2554636.363788719,2554636.363797465,8.82614403963089e-06,272,20480
push,342,2554636.388275132,2554636.388283508,8.446164429187775e-06,272,20480
push,436,2554636.399790409,2554636.399798914,8.576083928346634e-06,272,20480
push,530,2554636.443798196,2554636.443807063,8.946750313043594e-06,272,20480
push,624,2554636.459787951,2554636.459796427,8.556060492992401e-06,272,20480
push,718,2554636.488341338,2554636.488350164,8.905772119760513e-06,272,20480
push,812,2554636.515790304,2554636.51579873,8.516013622283936e-06,272,20480
push,906,2554636.523783849,2554636.523792034,8.245930075645447e-06,272,20480
push,1000,2554636.555787243,2554636.555795619,8.455943316221237e-06,272,20480
push,1094,2554636.587784856,2554636.587793032,8.26595351099968e-06,272,20480
push,1188,2554636.631816679,2554636.631826047,9.458046406507492e-06,272,20480
push,1282,2554636.647786787,2554636.647795253,8.526258170604706e-06,272,20480
push,1376,2554636.679785142,2554636.679793418,8.345581591129303e-06,272,20480
push,1470,2554636.699838805,2554636.69984689,8.155126124620438e-06,272,20480
push,61,2554636.715786761,2554636.715795046,8.355826139450073e-06,272,20480
push,155,2554636.747780828,2554636.747789614,8.877366781234741e-06,272,20480
push,249,2554636.779781837,2554636.779790143,8.406117558479309e-06,272,20480
push,343,2554636.7998995,2554636.799908287,8.887145668268204e-06,272,20480
push,437,2554636.81578504,2554636.815793295,8.34604725241661e-06,272,20480
push,531,2554636.847784657,2554636.847793063,8.485745638608932e-06,272,20480
push,625,2554636.879779785,2554636.879788001,8.285976946353912e-06,272,20480
push,719,2554636.899950888,2554636.899959034,8.216127753257751e-06,272,20480
push,813,2554636.915786023,2554636.915794239,8.28644260764122e-06,272,20480
push,907,2554636.947784228,2554636.947793716,9.607989341020584e-06,272,20480
push,1001,2554636.979789004,2554636.97979723,8.315779268741608e-06,272,20480
push,1095,2554637.015784072,2554637.015792547,8.555594831705093e-06,272,20480
push,1189,2554637.047790792,2554637.047799438,8.706003427505493e-06,272,20480
push,1283,2554637.079784568,2554637.079792694,8.216127753257751e-06,272,20480
push,1377,2554637.115779394,2554637.1157879,8.58725979924202e-06,272,20480
push,1471,2554637.147794391,2554637.147803047,8.735805749893188e-06,272,20480
push,62,2554637.179857557,2554637.179868537,1.1090654879808426e-05,272,20480
push,156,2554637.200095155,2554637.200103951,8.906237781047821e-06,272,20480
push,250,2554637.215786871,2554637.215795066,8.265022188425064e-06,272,20480
push,344,2554637.247788051,2554637.247796627,8.67573544383049e-06,272,20480
push,438,2554637.279788148,2554637.279796664,8.597038686275482e-06,272,20480
push,532,2554637.300173193,2554637.300181618,8.516013622283936e-06,272,20480
push,626,2554637.31579103,2554637.315799436,8.48621129989624e-06,272,20480
push,720,2554637.347785538,2554637.347793873,8.414965122938156e-06,272,20480
push,814,2554637.37979352,2554637.379801706,8.26595351099968e-06,272,20480
push,908,2554637.400219621,2554637.400227737,8.195638656616211e-06,272,20480
push,1002,2554637.415787666,2554637.415795761,8.174683898687363e-06,272,20480
push,1096,2554637.447791841,2554637.447800547,8.767005056142807e-06,272,20480
push,1190,2554637.479793452,2554637.479802209,8.8568776845932e-06,272,20480
push,1284,2554637.500282301,2554637.500290717,8.505769073963165e-06,272,20480
push,1378,2554637.51578358,2554637.515791615,8.135102689266205e-06,272,20480
push,1472,2554637.547790621,2554637.547798796,8.245930075645447e-06,272,20480
push,63,2554637.579778586,2554637.579786661,8.155126124620438e-06,272,20480
push,157,2554637.600335693,2554637.600343858,8.235219866037369e-06,272,20480
push,251,2554637.61578275,2554637.615791026,8.356291800737381e-06,272,20480
push,345,2554637.647781696,2554637.647789932,8.306000381708145e-06,272,20480
push,439,2554637.679778768,2554637.679787034,8.33580270409584e-06,272,20480
push,533,2554637.700422497,2554637.700430753,8.33580270409584e-06,272,20480
push,627,2554637.715790537,2554637.715798762,8.304603397846222e-06,272,20480
push,721,2554637.743790987,2554637.743799713,8.81589949131012e-06,272,20480
push,815,2554637.775786797,2554637.775795022,8.29482451081276e-06,272,20480
push,909,2554637.800456543,2554637.800467012,1.0570045560598373e-05,272,20480
push,1003,2554637.815787192,2554637.815795818,8.726958185434341e-06,272,20480
push,1097,2554637.847783693,2554637.847791899,8.285976946353912e-06,272,20480
push,1191,2554637.900500237,2554637.900508352,8.184928447008133e-06,272,20480
push,1285,2554637.915792854,2554637.91580127,8.485745638608932e-06,272,20480
push,1379,2554637.947795027,2554637.947803402,8.446164429187775e-06,272,20480
push,1473,2554637.979802498,2554637.979811135,8.716713637113571e-06,272,20480
flush_after,1473,2554637.979813519,2554638.083628904,0.10381579492241144,278528,20971520
push,64,2554638.084316553,2554638.084326752,1.0268762707710266e-05,272,20480
push,158,2554638.084440465,2554638.084447899,7.493887096643448e-06,272,20480
push,252,2554638.084553767,2554638.084560981,7.2838738560676575e-06,272,20480
push,346,2554638.084664154,2554638.084670847,6.753019988536835e-06,272,20480
push,440,2554638.084773609,2554638.084780432,6.8731606006622314e-06,272,20480
push,534,2554638.084884257,2554638.084890679,6.502028554677963e-06,272,20480
push,628,2554638.085004212,2554638.085011956,7.824040949344635e-06,272,20480
push,722,2554638.085130558,2554638.085138253,7.784925401210785e-06,272,20480
push,816,2554638.085238741,2554638.085245203,6.542075425386429e-06,272,20480
push,910,2554638.085343968,2554638.085350571,6.6729262471199036e-06,272,20480
push,1004,2554638.085450158,2554638.08545677,6.671994924545288e-06,272,20480
push,1098,2554638.085573208,2554638.085580792,7.655005902051926e-06,272,20480
push,1192,2554638.085684016,2554638.085690809,6.862916052341461e-06,272,20480
push,1286,2554638.085791578,2554638.0857983,6.801914423704147e-06,272,20480
push,1380,2554638.08589962,2554638.085906162,6.62216916680336e-06,272,20480
push,1474,2554638.086007613,2554638.086014295,6.7516230046749115e-06,272,20480
push,65,2554638.086115104,2554638.086121887,6.852671504020691e-06,272,20480
push,159,2554638.08622485,2554638.086232654,7.885042577981949e-06,272,20480
push,253,2554638.086351698,2554638.086359622,8.005183190107346e-06,272,20480
push,347,2554638.086465521,2554638.086472113,6.671994924545288e-06,272,20480
push,441,2554638.086573012,2554638.086579505,6.552785634994507e-06,272,20480
push,535,2554638.086681486,2554638.086688148,6.7320652306079865e-06,272,20480
push,629,2554638.086789067,2554638.08679574,6.7730434238910675e-06,272,20480
push,723,2554638.086894295,2554638.086900697,6.47176057100296e-06,272,20480
push,817,2554638.08699837,2554638.087004692,6.401911377906799e-06,272,20480
push,911,2554638.087104409,2554638.08711074,6.391201168298721e-06,272,20480
push,1005,2554638.08721197,2554638.087218402,6.502028554677963e-06,272,20480
push,1099,2554638.087319331,2554638.087325763,6.5034255385398865e-06,272,20480
push,1193,2554638.087427845,2554638.087434247,6.4820051193237305e-06,272,20480
push,1287,2554638.087536248,2554638.08754282,6.6319480538368225e-06,272,20480
push,1381,2554638.087653628,2554638.087660892,7.343944162130356e-06,272,20480
push,1475,2554638.087766049,2554638.087772842,6.8731606006622314e-06,272,20480
push,66,2554638.087875384,2554638.087882126,6.813090294599533e-06,272,20480
push,160,2554638.087986342,2554638.087994357,8.104834705591202e-06,272,20480
push,254,2554638.088116596,2554638.08812425,7.743947207927704e-06,272,20480
push,348,2554638.088233104,2554638.088239617,6.592832505702972e-06,272,20480
push,442,2554638.088341598,2554638.08834829,6.761867552995682e-06,272,20480
push,536,2554638.08844949,2554638.088456132,6.723217666149139e-06,272,20480
push,630,2554638.088557222,2554638.088563534,6.372109055519104e-06,272,20480
push,724,2554638.088663852,2554638.088670364,6.582122296094894e-06,272,20480
push,818,2554638.088772025,2554638.088778567,6.61192461848259e-06,272,20480
push,912,2554638.088878274,2554638.088884415,6.231013685464859e-06,272,20480
push,1006,2554638.088983441,2554638.088989763,6.392132490873337e-06,272,20480
push,1100,2554638.089091333,2554638.089097725,6.47176057100296e-06,272,20480
push,1194,2554638.08919655,2554638.089202922,6.451737135648727e-06,272,20480
push,1288,2554638.089302729,2554638.089309372,6.712973117828369e-06,272,20480
push,1382,2554638.089406804,2554638.089413437,6.712973117828369e-06,272,20480
push,1476,2554638.089511801,2554638.089518454,6.712973117828369e-06,272,20480
push,67,2554638.089618652,2554638.089625555,6.983056664466858e-06,272,20480
push,161,2554638.089726093,2554638.089732425,6.401911377906799e-06,272,20480
push,255,2554638.089832272,2554638.089838874,6.6729262471199036e-06,272,20480
push,349,2554638.089939142,2554638.089946817,7.774680852890015e-06,272,20480
push,443,2554638.090064868,2554638.090072663,7.875263690948486e-06,272,20480
push,537,2554638.090179944,2554638.090186276,6.41215592622757e-06,272,20480
push,631,2554638.090300089,2554638.090307593,7.563736289739609e-06,272,20480
push,725,2554638.090408963,2554638.090415495,6.6016800701618195e-06,272,20480
push,819,2554638.090514481,2554638.090520803,6.392132490873337e-06,272,20480
push,913,2554638.090620299,2554638.090626942,6.712973117828369e-06,272,20480
push,1007,2554638.090726498,2554638.090733,6.57280907034874e-06,272,20480
push,1101,2554638.090833389,2554638.090839901,6.571877747774124e-06,272,20480
push,1195,2554638.090938937,2554638.090945639,6.772112101316452e-06,272,20480
push,1289,2554638.0910634,2554638.091071315,8.005183190107346e-06,272,20480
push,1383,2554638.091187553,2554638.091194085,6.61192461848259e-06,272,20480
push,1477,2554638.091294273,2554638.091300865,6.671994924545288e-06,272,20480
push,68,2554638.091401864,2554638.091408647,6.853137165307999e-06,272,20480
push,162,2554638.091510037,2554638.09151684,6.862916052341461e-06,272,20480
push,256,2554638.0916181,2554638.091632677,1.4656689018011093e-05,272,20480
push,350,2554638.09174079,2554638.091747773,7.073394954204559e-06,272,20480
push,444,2554638.091851367,2554638.09185816,6.862916052341461e-06,272,20480
push,538,2554638.09195942,2554638.091965922,6.551854312419891e-06,272,20480
push,632,2554638.092066651,2554638.092073333,6.791669875383377e-06,272,20480
push,726,2554638.092177128,2554638.09218386,6.812158972024918e-06,272,20480
push,820,2554638.092285351,2554638.092292113,6.841961294412613e-06,272,20480
push,914,2554638.092395527,2554638.092402019,6.552319973707199e-06,272,20480
push,1008,2554638.092503219,2554638.092509962,6.813090294599533e-06,272,20480
push,1102,2554638.092611161,2554638.092617964,6.8731606006622314e-06,272,20480
push,1196,2554638.092721348,2554638.092728581,7.29365274310112e-06,272,20480
push,1290,2554638.092829831,2554638.092836354,6.58305361866951e-06,272,20480
push,1384,2554638.09293606,2554638.092942773,6.783287972211838e-06,272,20480
push,1478,2554638.093045105,2554638.093051477,6.441958248615265e-06,272,20480
push,69,2554638.093152085,2554638.093158638,6.643123924732208e-06,272,20480
push,163,2554638.093261,2554638.093267572,6.642192602157593e-06,272,20480
push,257,2554638.093368832,2554638.093375334,6.571877747774124e-06,272,20480
push,351,2554638.093476323,2554638.093482695,6.452202796936035e-06,272,20480
push,445,2554638.093582502,2554638.093589135,6.692949682474136e-06,272,20480
push,539,2554638.093690014,2554638.093696566,6.61192461848259e-06,272,20480
push,633,2554638.093797345,2554638.093803757,6.502028554677963e-06,272,20480
push,727,2554638.093903775,2554638.093910297,6.582122296094894e-06,272,20480
push,821,2554638.094008761,2554638.094015304,6.6231004893779755e-06,272,20480
push,915,2554638.094113929,2554638.094120391,6.541609764099121e-06,272,20480
push,1009,2554638.09422155,2554638.094228153,6.6729262471199036e-06,272,20480
push,1103,2554638.094329102,2554638.094335775,6.743241101503372e-06,272,20480
push,1197,2554638.094435011,2554638.094441553,6.61192461848259e-06,272,20480
push,1291,2554638.094541741,2554638.094548293,6.6319480538368225e-06,272,20480
push,1385,2554638.094649332,2554638.094656075,6.822869181632996e-06,272,20480
push,1479,2554638.094757706,2554638.094764358,6.722286343574524e-06,272,20480
push,70,2554638.094864696,2554638.094871449,6.823334842920303e-06,272,20480
push,164,2554638.094993017,2554638.095002284,9.346753358840942e-06,272,20480
push,258,2554638.095122109,2554638.095128901,6.862916052341461e-06,272,20480
push,352,2554638.095230131,2554638.095236894,6.833113729953766e-06,272,20480
push,446,2554638.095339085,2554638.095345778,6.7930668592453e-06,272,20480
push,540,2554638.095446998,2554638.09545373,6.813090294599533e-06,272,20480
push,634,2554638.09555471,2554638.095561482,6.842892616987228e-06,272,20480
push,728,2554638.095674514,2554638.095681818,7.383991032838821e-06,272,20480
push,822,2554638.095784631,2554638.095791393,6.842892616987228e-06,272,20480
push,916,2554638.095893535,2554638.095900237,6.7730434238910675e-06,272,20480
push,1010,2554638.096000956,2554638.096007619,6.732996553182602e-06,272,20480
push,1104,2554638.096108317,2554638.096114729,6.482936441898346e-06,272,20480
push,1198,2554638.096233883,2554638.096241728,7.945112884044647e-06,272,20480
push,1292,2554638.096358006,2554638.096364578,6.6622160375118256e-06,272,20480
push,1386,2554638.096465998,2554638.09647263,6.712973117828369e-06,272,20480
push,1480,2554638.09657393,2554638.096580513,6.663147360086441e-06,272,20480
push,71,2554638.096683566,2554638.096690318,6.822869181632996e-06,272,20480
push,165,2554638.096791107,2554638.09679789,6.862916052341461e-06,272,20480
push,259,2554638.09689919,2554638.096905973,6.842892616987228e-06,272,20480
push,353,2554638.097008104,2554638.097014757,6.712973117828369e-06,272,20480
push,447,2554638.097115305,2554638.097121807,6.572343409061432e-06,272,20480
push,541,2554638.097222326,2554638.097228818,6.552319973707199e-06,272,20480
push,635,2554638.097328595,2554638.097335077,6.552319973707199e-06,272,20480
push,729,2554638.097435155,2554638.097441677,6.591901183128357e-06,272,20480
push,823,2554638.097541043,2554638.097547746,6.78282231092453e-06,272,20480
push,917,2554638.097649156,2554638.097655728,6.671994924545288e-06,272,20480
push,1011,2554638.097755335,2554638.097762078,6.823334842920303e-06,272,20480
push,1105,2554638.097862796,2554638.097869559,6.842892616987228e-06,272,20480
push,1199,2554638.097973834,2554638.097981719,7.97538086771965e-06,272,20480
push,1293,2554638.098102015,2554638.098109739,7.79423862695694e-06,272,20480
push,1387,2554638.098213394,2554638.098219796,6.47176057100296e-06,272,20480
push,1481,2554638.098320584,2554638.098327057,6.533227860927582e-06,272,20480
push,72,2554638.098428427,2554638.098435169,6.812158972024918e-06,272,20480
push,166,2554638.098535988,2554638.098542761,6.842892616987228e-06,272,20480
push,260,2554638.098642057,2554638.09864876,6.783287972211838e-06,272,20480
push,354,2554638.098749128,2554638.09875577,6.721820682287216e-06,272,20480
push,448,2554638.098856128,2554638.098862721,6.673391908407211e-06,272,20480
push,542,2554638.098962498,2554638.09896898,6.552319973707199e-06,272,20480
push,636,2554638.099071362,2554638.099077994,6.692018359899521e-06,272,20480
push,730,2554638.099178413,2554638.099184965,6.61192461848259e-06,272,20480
push,824,2554638.099285664,2554638.099292336,6.741844117641449e-06,272,20480
push,918,2554638.099393265,2554638.099399918,6.723217666149139e-06,272,20480
push,1012,2554638.099499544,2554638.099505946,6.462913006544113e-06,272,20480
push,1106,2554638.099605784,2554638.099612246,6.532296538352966e-06,272,20480
push,1200,2554638.115746311,2554638.115754446,8.205883204936981e-06,272,20480
push,1294,2554638.115857409,2554638.115864152,6.823334842920303e-06,272,20480
push,1388,2554638.115965472,2554638.115972235,6.833113729953766e-06,272,20480
push,1482,2554638.116088693,2554638.116097259,8.645933121442795e-06,272,20480
push,73,2554638.116211563,2554638.116218196,6.723217666149139e-06,272,20480
push,167,2554638.116318043,2554638.116324786,6.813090294599533e-06,272,20480
push,261,2554638.116424442,2554638.116431075,6.703194230794907e-06,272,20480
push,355,2554638.116530942,2554638.116537605,6.743241101503372e-06,272,20480
push,449,2554638.116640517,2554638.11664748,7.044058293104172e-06,272,20480
push,543,2554638.116751445,2554638.116758519,7.144175469875336e-06,272,20480
push,637,2554638.11686051,2554638.116866992,6.552319973707199e-06,272,20480
push,731,2554638.116968673,2554638.116975245,6.651971489191055e-06,272,20480
push,825,2554638.117076144,2554638.117082797,6.732996553182602e-06,272,20480
push,919,2554638.117184227,2554638.117190829,6.671994924545288e-06,272,20480
push,1013,2554638.11729266,2554638.117299493,6.902962923049927e-06,272,20480
push,1107,2554638.117400141,2554638.117407074,7.0142559707164764e-06,272,20480
push,1201,2554638.117508274,2554638.117514917,6.712973117828369e-06,272,20480
push,1295,2554638.117615625,2554638.117622238,6.693415343761444e-06,272,20480
push,1389,2554638.117723077,2554638.117729659,6.661750376224518e-06,272,20480
push,1483,2554638.117832752,2554638.117839535,6.8731606006622314e-06,272,20480
push,74,2554638.117941286,2554638.117947688,6.492249667644501e-06,272,20480
push,168,2554638.118061531,2554638.118069125,7.685273885726929e-06,272,20480
push,262,2554638.118182839,2554638.118189221,6.492249667644501e-06,272,20480
push,356,2554638.11829032,2554638.118296742,6.511807441711426e-06,272,20480
push,450,2554638.118395477,2554638.118401919,6.5318308770656586e-06,272,20480
push,544,2554638.118501546,2554638.118508008,6.552319973707199e-06,272,20480
push,638,2554638.118608326,2554638.118614838,6.602611392736435e-06,272,20480
push,732,2554638.118714074,2554638.118720657,6.662681698799133e-06,272,20480
push,826,2554638.118819111,2554638.118825413,6.3818879425525665e-06,272,20480
push,920,2554638.118923046,2554638.118929528,6.561633199453354e-06,272,20480
push,1014,2554638.119027352,2554638.119033844,6.562098860740662e-06,272,20480
push,1108,2554638.119134322,2554638.119140634,6.392132490873337e-06,272,20480
push,1202,2554638.119242615,2554638.119249067,6.5318308770656586e-06,272,20480
push,1296,2554638.119347542,2554638.119353894,6.421934813261032e-06,272,20480
push,1390,2554638.11945331,2554638.119459532,6.301794201135635e-06,272,20480
push,1484,2554638.119558678,2554638.11956514,6.542075425386429e-06,272,20480
push,75,2554638.119674445,2554638.119681608,7.232651114463806e-06,272,20480
push,169,2554638.119783118,2554638.119789801,6.763264536857605e-06,272,20480
push,263,2554638.119891732,2554638.119898234,6.591901183128357e-06,272,20480
push,357,2554638.120000015,2554638.120006898,6.972812116146088e-06,272,20480
push,451,2554638.120107446,2554638.120114009,6.643123924732208e-06,272,20480
push,545,2554638.120216661,2554638.120223364,6.78282231092453e-06,272,20480
push,639,2554638.120323902,2554638.120330545,6.732996553182602e-06,272,20480
push,733,2554638.120447043,2554638.120454487,7.524155080318451e-06,272,20480
push,827,2554638.120558111,2554638.120564593,6.563030183315277e-06,272,20480
push,921,2554638.120666374,2554638.120673357,7.0640817284584045e-06,272,20480
push,1015,2554638.12077604,2554638.120782752,6.7930668592453e-06,272,20480
push,1109,2554638.120886176,2554638.120892859,6.7730434238910675e-06,272,20480
push,1203,2554638.12099504,2554638.121001603,6.632879376411438e-06,272,20480
push,1297,2554638.121103223,2554638.121109846,6.692949682474136e-06,272,20480
push,1391,2554638.121212157,2554638.12121883,6.763264536857605e-06,272,20480
push,1485,2554638.121320911,2554638.121327644,6.822869181632996e-06,272,20480
push,76,2554638.121429475,2554638.121436147,6.753019988536835e-06,272,20480
push,170,2554638.121539241,2554638.121546124,6.963033229112625e-06,272,20480
push,264,2554638.121649698,2554638.12165643,6.813090294599533e-06,272,20480
push,358,2554638.121758311,2554638.121764844,6.612855941057205e-06,272,20480
push,452,2554638.121866955,2554638.121873868,7.003080099821091e-06,272,20480
push,546,2554638.121977803,2554638.121984706,7.003080099821091e-06,272,20480
push,640,2554638.1220882,2554638.122095193,7.063150405883789e-06,272,20480
push,734,2554638.122198797,2554638.12220561,6.893184036016464e-06,272,20480
push,828,2554638.12230697,2554638.122313763,6.893184036016464e-06,272,20480
push,922,2554638.122416395,2554638.122423138,6.822869181632996e-06,272,20480
push,1016,2554638.12252578,2554638.122532262,6.542075425386429e-06,272,20480
push,1110,2554638.122640155,2554638.122647007,6.93323090672493e-06,272,20480
push,1204,2554638.122747887,2554638.122754569,6.761867552995682e-06,272,20480
push,1298,2554638.122854937,2554638.12286202,7.1641989052295685e-06,272,20480
push,1392,2554638.122965314,2554638.122972117,6.8731606006622314e-06,272,20480
push,1486,2554638.123087133,2554638.123094697,7.65407457947731e-06,272,20480
push,77,2554638.123205705,2554638.123212437,6.813090294599533e-06,272,20480
push,171,2554638.123310992,2554638.123317424,6.502028554677963e-06,272,20480
push,265,2554638.123415799,2554638.123422131,6.41215592622757e-06,272,20480
push,359,2554638.123519603,2554638.123526306,6.78282231092453e-06,272,20480
push,453,2554638.123631543,2554638.123638857,7.374212145805359e-06,272,20480
push,547,2554638.123743012,2554638.123749304,6.3818879425525665e-06,272,20480
push,641,2554638.124304655,2554638.124311848,7.2838738560676575e-06,272,20480
push,735,2554638.124414781,2554638.124421744,7.0338137447834015e-06,272,20480
push,829,2554638.124522303,2554638.124529406,7.212627679109573e-06,272,20480
push,923,2554638.124629223,2554638.124636016,6.863381713628769e-06,272,20480
push,1017,2554638.12473437,2554638.124741033,6.7427754402160645e-06,272,20480
push,1111,2554638.124840419,2554638.124846961,6.6231004893779755e-06,272,20480
push,1205,2554638.124949884,2554638.124956487,6.692949682474136e-06,272,20480
push,1299,2554638.125054541,2554638.125061173,6.712041795253754e-06,272,20480
push,1393,2554638.125160319,2554638.125166941,6.702262908220291e-06,272,20480
push,1487,2554638.125265236,2554638.125271748,6.591901183128357e-06,272,20480
push,78,2554638.125368689,2554638.125374971,6.361864507198334e-06,272,20480
push,172,2554638.125472364,2554638.125478826,6.542075425386429e-06,272,20480
push,266,2554638.12559281,2554638.125599983,7.252674549818039e-06,272,20480
push,360,2554638.125700361,2554638.125706934,6.643123924732208e-06,272,20480
push,454,2554638.12580651,2554638.125813073,6.643123924732208e-06,272,20480
push,548,2554638.125913681,2554638.125920334,6.732996553182602e-06,272,20480
push,642,2554638.126017987,2554638.126024669,6.7623332142829895e-06,272,20480
push,736,2554638.126122503,2554638.126129155,6.7320652306079865e-06,272,20480
push,830,2554638.126231717,2554638.1262385,6.862916052341461e-06,272,20480
push,924,2554638.126340421,2554638.126347144,6.813090294599533e-06,272,20480
push,1018,2554638.126449586,2554638.126456529,7.032882422208786e-06,272,20480
push,1112,2554638.12655849,2554638.126565042,6.661750376224518e-06,272,20480
push,1206,2554638.126666903,2554638.126673716,6.902962923049927e-06,272,20480
push,1300,2554638.126774204,2554638.126780877,6.763264536857605e-06,272,20480
push,1394,2554638.126882668,2554638.12688944,6.8517401814460754e-06,272,20480
push,1488,2554638.12699076,2554638.126997583,6.902962923049927e-06,272,20480
push,79,2554638.127098863,2554638.127105545,6.772112101316452e-06,272,20480
push,173,2554638.127207847,2554638.1272145,6.723217666149139e-06,272,20480
push,267,2554638.127316581,2554638.127323344,6.842892616987228e-06,272,20480
push,361,2554638.127424623,2554638.127431296,6.763264536857605e-06,272,20480
push,455,2554638.127531864,2554638.127538337,6.552785634994507e-06,272,20480
push,549,2554638.127651549,2554638.127658822,7.343944162130356e-06,272,20480
push,643,2554638.12776421,2554638.127770812,6.6729262471199036e-06,272,20480
push,737,2554638.127873044,2554638.127879727,6.753019988536835e-06,272,20480
push,831,2554638.12798264,2554638.127989352,6.771646440029144e-06,272,20480
push,925,2554638.128092646,2554638.128099439,6.872694939374924e-06,272,20480
push,1019,2554638.128200829,2554638.128207581,6.82193785905838e-06,272,20480
push,1113,2554638.12830836,2554638.128315233,6.943009793758392e-06,272,20480
push,1207,2554638.128417294,2554638.128424177,6.943009793758392e-06,272,20480
push,1301,2554638.128527241,2554638.128534143,6.973277777433395e-06,272,20480
push,1395,2554638.128636646,2554638.128643168,6.602145731449127e-06,272,20480
push,1489,2554638.12874549,2554638.128752102,6.681773811578751e-06,272,20480
push,80,2554638.128853262,2554638.128859854,6.6622160375118256e-06,272,20480
push,174,2554638.128961605,2554638.128968378,6.853137165307999e-06,272,20480
push,268,2554638.129071711,2554638.129078324,6.692949682474136e-06,272,20480
push,362,2554638.12917765,2554638.129184362,6.7930668592453e-06,272,20480
push,456,2554638.12928432,2554638.129290832,6.582122296094894e-06,272,20480
push,550,2554638.129389707,2554638.129396029,6.401911377906799e-06,272,20480
push,644,2554638.129494203,2554638.129500665,6.5532512962818146e-06,272,20480
push,738,2554638.12959901,2554638.129605402,6.491784006357193e-06,272,20480
push,832,2554638.129702925,2554638.129709457,6.621703505516052e-06,272,20480
push,926,2554638.129808613,2554638.129815205,6.692018359899521e-06,272,20480
push,1020,2554638.12991389,2554638.129920462,6.663147360086441e-06,272,20480
push,1114,2554638.130020991,2554638.130028625,7.723923772573471e-06,272,20480
push,1208,2554638.130147418,2554638.130155012,7.703900337219238e-06,272,20480
push,1302,2554638.130273765,2554638.130280728,7.043126970529556e-06,272,20480
push,1396,2554638.130380044,2554638.130386556,6.581656634807587e-06,272,20480
push,1490,2554638.130486023,2554638.130492475,6.5318308770656586e-06,272,20480
push,81,2554638.13059127,2554638.130597993,6.813090294599533e-06,272,20480
push,175,2554638.130695816,2554638.130702218,6.4820051193237305e-06,272,20480
push,269,2554638.130801825,2554638.130808317,6.682239472866058e-06,272,20480
push,363,2554638.130909727,2554638.13091646,6.7930668592453e-06,272,20480
push,457,2554638.131017479,2554638.131024091,6.692949682474136e-06,272,20480
push,551,2554638.131124079,2554638.131130761,6.752554327249527e-06,272,20480
push,645,2554638.131234646,2554638.131241228,6.6533684730529785e-06,272,20480
push,739,2554638.131354551,2554638.131362796,8.34604725241661e-06,272,20480
push,833,2554638.131484815,2554638.13149289,8.17514955997467e-06,272,20480
push,927,2554638.131594701,2554638.131601223,6.612855941057205e-06,272,20480
push,1021,2554638.147720671,2554638.147728365,7.774215191602707e-06,272,20480
push,1115,2554638.147828713,2554638.147835296,6.663147360086441e-06,272,20480
push,1209,2554638.147935373,2554638.147942116,6.823334842920303e-06,272,20480
push,1303,2554638.148041322,2554638.148049026,7.78399407863617e-06,272,20480
push,1397,2554638.148165915,2554638.14817349,7.664784789085388e-06,272,20480
push,1491,2554638.148284167,2554638.148290499,6.421934813261032e-06,272,20480
push,82,2554638.148389955,2554638.148396518,6.643123924732208e-06,272,20480
push,176,2554638.148496395,2554638.148502827,6.511807441711426e-06,272,20480
push,270,2554638.148601091,2554638.148607684,6.683170795440674e-06,272,20480
push,364,2554638.148707441,2554638.148713943,6.582122296094894e-06,272,20480
push,458,2554638.148814912,2554638.148821494,6.652902811765671e-06,272,20480
push,552,2554638.148922183,2554638.148928595,6.47176057100296e-06,272,20480
push,646,2554638.14902707,2554638.149033562,6.562098860740662e-06,272,20480
push,740,2554638.149148067,2554638.149155651,7.663853466510773e-06,272,20480
push,834,2554638.149262762,2554638.149269294,6.6016800701618195e-06,272,20480
push,928,2554638.149367568,2554638.14937403,6.552785634994507e-06,272,20480
push,1022,2554638.149472615,2554638.149479177,6.622634828090668e-06,272,20480
push,1116,2554638.149576941,2554638.149583493,6.62216916680336e-06,272,20480
push,1210,2554638.149681948,2554638.14968877,6.902962923049927e-06,272,20480
push,1304,2554638.149787836,2554638.149794298,6.542075425386429e-06,272,20480
push,1398,2554638.149892743,2554638.149899325,6.661750376224518e-06,272,20480
push,1492,2554638.149998501,2554638.150004803,6.392132490873337e-06,272,20480
push,83,2554638.150102496,2554638.150109179,6.762798875570297e-06,272,20480
push,177,2554638.150209316,2554638.150215758,6.532762199640274e-06,272,20480
push,271,2554638.150315095,2554638.150321597,6.591901183128357e-06,272,20480
push,365,2554638.150420763,2554638.150427205,6.511807441711426e-06,272,20480
push,459,2554638.150525319,2554638.150531851,6.602145731449127e-06,272,20480
push,553,2554638.150631307,2554638.150638,6.762798875570297e-06,272,20480
push,647,2554638.150735613,2554638.150742125,6.582122296094894e-06,272,20480
push,741,2554638.150841021,2554638.150847553,6.602145731449127e-06,272,20480
push,835,2554638.150961827,2554638.150969,7.243826985359192e-06,272,20480
push,929,2554638.151070972,2554638.151077534,6.6319480538368225e-06,272,20480
push,1023,2554638.151178393,2554638.151185025,6.702728569507599e-06,272,20480
push,1117,2554638.151284612,2554638.151291034,6.492249667644501e-06,272,20480
push,1211,2554638.151389849,2554638.151396261,6.473157554864883e-06,272,20480
push,1305,2554638.151494906,2554638.151501379,6.5532512962818146e-06,272,20480
push,1399,2554638.151603139,2554638.151609832,6.78282231092453e-06,272,20480
push,1493,2554638.151721902,2554638.151728935,7.102731615304947e-06,272,20480
push,84,2554638.151834944,2554638.151841586,6.722286343574524e-06,272,20480
push,178,2554638.151944279,2554638.151951041,6.842892616987228e-06,272,20480
push,272,2554638.152054065,2554638.152060617,6.62216916680336e-06,272,20480
push,366,2554638.15216348,2554638.152170102,6.702262908220291e-06,272,20480
push,460,2554638.152273286,2554638.152279928,6.7320652306079865e-06,272,20480
push,554,2554638.152381859,2554638.152388512,6.732996553182602e-06,272,20480
push,648,2554638.152489821,2554638.152496614,6.882939487695694e-06,272,20480
push,742,2554638.152597894,2554638.152604416,6.602145731449127e-06,272,20480
push,836,2554638.15270777,2554638.152714583,6.913207471370697e-06,272,20480
push,930,2554638.152818267,2554638.152824649,6.472226232290268e-06,272,20480
push,1024,2554638.152928143,2554638.152934665,6.6123902797698975e-06,272,20480
push,1118,2554638.153038219,2554638.153044822,6.702728569507599e-06,272,20480
push,1212,2554638.153146783,2554638.153153165,6.461981683969498e-06,272,20480
push,1306,2554638.15325203,2554638.153258512,6.573274731636047e-06,272,20480
push,1400,2554638.153357247,2554638.15336391,6.732996553182602e-06,272,20480
push,1494,2554638.153469548,2554638.153476291,6.813090294599533e-06,272,20480
push,85,2554638.153575727,2554638.15358259,6.93323090672493e-06,272,20480
push,179,2554638.153681555,2554638.153687827,6.342306733131409e-06,272,20480
push,273,2554638.153788075,2554638.153794557,6.562098860740662e-06,272,20480
push,367,2554638.153894084,2554638.153900496,6.491784006357193e-06,272,20480
push,461,2554638.153999531,2554638.154006064,6.612855941057205e-06,272,20480
push,555,2554638.15411612,2554638.154123865,7.844995707273483e-06,272,20480
push,649,2554638.154239211,2554638.154245623,6.5015628933906555e-06,272,20480
push,743,2554638.15434539,2554638.154351972,6.6622160375118256e-06,272,20480
push,837,2554638.154456668,2554638.154463421,6.833113729953766e-06,272,20480
push,931,2554638.154560653,2554638.154567085,6.502028554677963e-06,272,20480
push,1025,2554638.154666842,2554638.154673264,6.502959877252579e-06,272,20480
push,1119,2554638.154771649,2554638.154777901,6.322283297777176e-06,272,20480
push,1213,2554638.154875534,2554638.154881785,6.31110742688179e-06,272,20480
push,1307,2554638.154981963,2554638.154988575,6.692949682474136e-06,272,20480
push,1401,2554638.155088002,2554638.155094474,6.6319480538368225e-06,272,20480
push,1495,2554638.155194241,2554638.155200743,6.6016800701618195e-06,272,20480
push,86,2554638.155304618,2554638.155311681,7.1427784860134125e-06,272,20480
push,180,2554638.1554122,2554638.155418982,6.861984729766846e-06,272,20480
push,274,2554638.155516766,2554638.155523618,6.9229863584041595e-06,272,20480
push,368,2554638.155644776,2554638.1556527,7.985159754753113e-06,272,20480
push,462,2554638.155756555,2554638.155763278,6.813090294599533e-06,272,20480
push,556,2554638.15586601,2554638.155872252,6.321817636489868e-06,272,20480
push,650,2554638.155973882,2554638.155980625,6.813090294599533e-06,272,20480
push,744,2554638.156081604,2554638.156088097,6.573274731636047e-06,272,20480
push,838,2554638.156190589,2554638.156197381,6.8927183747291565e-06,272,20480
push,932,2554638.156299964,2554638.156306666,6.7818909883499146e-06,272,20480
push,1026,2554638.156411553,2554638.156419488,8.005183190107346e-06,272,20480
push,1120,2554638.156541787,2554638.156549942,8.25570896267891e-06,272,20480
push,1214,2554638.156660009,2554638.156666781,6.862916052341461e-06,272,20480
push,1308,2554638.156768793,2554638.156775335,6.63241371512413e-06,272,20480
push,1402,2554638.156876364,2554638.156883648,7.354188710451126e-06,272,20480
push,1496,2554638.156987382,2554638.156994295,6.9928355515003204e-06,272,20480
push,87,2554638.157097609,2554638.157104151,6.6123902797698975e-06,272,20480
push,181,2554638.157208627,2554638.15721539,6.833113729953766e-06,272,20480
push,275,2554638.157318012,2554638.157324785,6.853137165307999e-06,272,20480
push,369,2554638.157428209,2554638.157434961,6.831716746091843e-06,272,20480
push,463,2554638.157536953,2554638.157543445,6.571877747774124e-06,272,20480
push,557,2554638.157646318,2554638.1576529,6.6622160375118256e-06,272,20480
push,651,2554638.157756654,2554638.157763577,7.003080099821091e-06,272,20480
push,745,2554638.157865749,2554638.157872562,6.912741810083389e-06,272,20480
push,839,2554638.157973681,2554638.157980414,6.802845746278763e-06,272,20480
push,933,2554638.158086583,2554638.158094367,7.874798029661179e-06,272,20480
push,1027,2554638.158214903,2554638.158222648,7.83521682024002e-06,272,20480
push,1121,2554638.158325972,2554638.158332844,6.932765245437622e-06,272,20480
push,1215,2554638.158433183,2554638.158439665,6.5318308770656586e-06,272,20480
push,1309,2554638.15853852,2554638.158544952,6.522051990032196e-06,272,20480
push,1403,2554638.158644398,2554638.158650901,6.57280907034874e-06,272,20480
push,1497,2554638.158748694,2554638.158754906,6.301794201135635e-06,272,20480
push,88,2554638.158852919,2554638.158859432,6.603077054023743e-06,272,20480
push,182,2554638.158959088,2554638.158965831,6.822869181632996e-06,272,20480
push,276,2554638.159064736,2554638.159071189,6.5229833126068115e-06,272,20480
push,370,2554638.159172208,2554638.15917879,6.651971489191055e-06,272,20480
push,464,2554638.159277826,2554638.159284178,6.411690264940262e-06,272,20480
push,558,2554638.159383163,2554638.159389746,6.6729262471199036e-06,272,20480
push,652,2554638.159488561,2554638.159494993,6.511807441711426e-06,272,20480
push,746,2554638.159594129,2554638.159600601,6.552319973707199e-06,272,20480
push,840,2554638.159711669,2554638.159718682,7.082708179950714e-06,272,20480
push,934,2554638.159821896,2554638.159828228,6.41215592622757e-06,272,20480
push,1028,2554638.159927975,2554638.159934567,6.6622160375118256e-06,272,20480
push,1122,2554638.16003777,2554638.160044363,6.683170795440674e-06,272,20480
push,1216,2554638.160182662,2554638.160189265,6.663147360086441e-06,272,20480
push,1310,2554638.160293891,2554638.160300543,6.721820682287216e-06,272,20480
push,1404,2554638.160417883,2554638.160425437,7.623806595802307e-06,272,20480
push,1498,2554638.160531576,2554638.160538399,6.913207471370697e-06,272,20480
push,89,2554638.160641903,2554638.160648986,7.173977792263031e-06,272,20480
push,183,2554638.16075242,2554638.160759123,6.7730434238910675e-06,272,20480
push,277,2554638.160862016,2554638.160868738,6.801914423704147e-06,272,20480
push,371,2554638.160972723,2554638.160979526,6.8731606006622314e-06,272,20480
push,465,2554638.16108289,2554638.161089673,6.8731606006622314e-06,272,20480
push,559,2554638.161193627,2554638.16120031,6.7730434238910675e-06,272,20480
push,653,2554638.161303874,2554638.161310637,6.852671504020691e-06,272,20480
push,747,2554638.161413039,2554638.161419892,6.943009793758392e-06,272,20480
push,841,2554638.161523846,2554638.161530579,6.813090294599533e-06,272,20480
push,935,2554638.16163238,2554638.161639193,6.8731606006622314e-06,272,20480
push,1029,2554638.161742086,2554638.161748798,6.792135536670685e-06,272,20480
push,1123,2554638.161851591,2554638.161858233,6.721820682287216e-06,272,20480
push,1217,2554638.161961146,2554638.161967759,6.692949682474136e-06,272,20480
push,1311,2554638.162071223,2554638.162077905,6.761867552995682e-06,272,20480
push,1405,2554638.162182301,2554638.162188973,6.753019988536835e-06,272,20480
push,1499,2554638.162290283,2554638.162296655,6.452202796936035e-06,272,20480
push,90,2554638.16239536,2554638.162402063,6.7730434238910675e-06,272,20480
push,184,2554638.162503293,2554638.162509715,6.502028554677963e-06,272,20480
push,278,2554638.162611375,2554638.162618058,6.762798875570297e-06,272,20480
push,372,2554638.162719227,2554638.16272566,6.5229833126068115e-06,272,20480
push,466,2554638.162824986,2554638.162831488,6.582122296094894e-06,272,20480
push,560,2554638.162930994,2554638.162937627,6.692949682474136e-06,272,20480
push,654,2554638.163037705,2554638.163044307,6.692018359899521e-06,272,20480
push,748,2554638.16315792,2554638.163165484,7.65407457947731e-06,272,20480
push,842,2554638.163277294,2554638.163283736,6.511807441711426e-06,272,20480
push,936,2554638.16338222,2554638.163388813,6.663147360086441e-06,272,20480
push,1030,2554638.163487287,2554638.163493659,6.452202796936035e-06,272,20480
push,1124,2554638.163592414,2554638.163598887,6.543006747961044e-06,272,20480
push,1218,2554638.179719537,2554638.179727422,7.95489177107811e-06,272,20480
push,1312,2554638.179830956,2554638.179837668,6.782356649637222e-06,272,20480
push,1406,2554638.179940882,2554638.179947494,6.681773811578751e-06,272,20480
push,91,2554638.180048083,2554638.180054635,6.61192461848259e-06,272,20480
push,185,2554638.180165713,2554638.180173207,7.573980838060379e-06,272,20480
push,279,2554638.180291339,2554638.180299163,7.915310561656952e-06,272,20480
push,373,2554638.18040393,2554638.180410131,6.281770765781403e-06,272,20480
push,467,2554638.180511171,2554638.180517533,6.452202796936035e-06,272,20480
push,561,2554638.180616608,2554638.180623111,6.573274731636047e-06,272,20480
push,655,2554638.180722126,2554638.180728548,6.5229833126068115e-06,272,20480
push,749,2554638.180827734,2554638.180834277,6.612855941057205e-06,272,20480
push,843,2554638.180934374,2554638.180940676,6.361864507198334e-06,272,20480
push,937,2554638.181039331,2554638.181045743,6.491784006357193e-06,272,20480
push,1031,2554638.181171088,2554638.181179965,8.966773748397827e-06,272,20480
push,1125,2554638.181296413,2554638.181302825,6.4820051193237305e-06,272,20480
push,1219,2554638.181399486,2554638.181405928,6.511807441711426e-06,272,20480
push,1313,2554638.181504272,2554638.181510654,6.462913006544113e-06,272,20480
push,1407,2554638.181609329,2554638.181615832,6.58305361866951e-06,272,20480
push,92,2554638.181714637,2554638.181720999,6.431713700294495e-06,272,20480
push,186,2554638.181821136,2554638.181827629,6.573274731636047e-06,272,20480
push,280,2554638.181928367,2554638.1819349,6.603077054023743e-06,272,20480
push,374,2554638.182036049,2554638.182042431,6.461981683969498e-06,272,20480
push,468,2554638.182143891,2554638.182150664,6.862916052341461e-06,272,20480
push,562,2554638.182253046,2554638.182259789,6.822869181632996e-06,272,20480
push,656,2554638.182374544,2554638.182382599,8.144881576299667e-06,272,20480
push,750,2554638.182502353,2554638.182509306,7.024034857749939e-06,272,20480
push,844,2554638.182612881,2554638.182619593,6.792135536670685e-06,272,20480
push,938,2554638.182721164,2554638.182727896,6.82193785905838e-06,272,20480
push,1032,2554638.1828315,2554638.182838443,7.0338137447834015e-06,272,20480
push,1126,2554638.182940294,2554638.182947227,7.013790309429169e-06,272,20480
push,1220,2554638.183049389,2554638.183056332,7.022637873888016e-06,272,20480
push,1314,2554638.183160056,2554638.183166979,7.003080099821091e-06,272,20480
push,1408,2554638.183272016,2554638.183279089,7.154420018196106e-06,272,20480
push,93,2554638.183379397,2554638.18338605,6.732996553182602e-06,272,20480
push,187,2554638.183484174,2554638.183490736,6.642192602157593e-06,272,20480
push,281,2554638.183590704,2554638.183597466,6.841961294412613e-06,272,20480
push,375,2554638.183718784,2554638.183726739,8.035451173782349e-06,272,20480
push,469,2554638.183830573,2554638.183837276,6.7926011979579926e-06,272,20480
push,563,2554638.183940559,2554638.183947192,6.712973117828369e-06,272,20480
push,657,2554638.184050085,2554638.184056737,6.721820682287216e-06,272,20480
push,751,2554638.184160141,2554638.184166894,6.823334842920303e-06,272,20480
push,845,2554638.184269085,2554638.184275828,6.822869181632996e-06,272,20480
push,939,2554638.184377579,2554638.184384441,6.952788680791855e-06,272,20480
push,1033,2554638.184487004,2554638.184493867,6.963033229112625e-06,272,20480
push,1127,2554638.1846025,2554638.184609744,7.323920726776123e-06,272,20480
push,1221,2554638.18471429,2554638.184721343,7.13299959897995e-06,272,20480
push,1315,2554638.184824386,2554638.184831149,6.822869181632996e-06,272,20480
push,1409,2554638.184934322,2554638.184941486,7.264316082000732e-06,272,20480
last_flush,,2554638.184967074,2554638.231628176,0.046661351807415485,129472,9748480
